1453696532,s5,0.00,0.00,0.00,0,0,0.00,0.00,0.00,0,0,0.00,0.00,0,0
1453696532,s1,0.00,0.00,0.00,0,0,0.00,0.00,0.00,0,0,0.00,0.00,0,0
1453696532,eth0,0.00,0.00,0.00,0,0,0.00,0.00,0.00,0,0,0.00,0.00,0,0
1453696532,eth1,0.00,0.00,0.00,0,0,0.00,0.00,0.00,0,0,0.00,0.00,0,0
1453696532,s2,0.00,0.00,0.00,0,0,0.00,0.00,0.00,0,0,0.00,0.00,0,0
1453696532,s1-eth2,0.00,0.00,0.00,0,0,0.00,0.00,0.00,0,0,0.00,0.00,0,0
1453696532,s1-eth1,0.00,0.00,0.00,0,0,0.00,0.00,0.00,0,0,0.00,0.00,0,0
1453696532,s3,0.00,0.00,0.00,0,0,0.00,0.00,0.00,0,0,0.00,0.00,0,0
1453696532,s2-eth2,0.00,0.00,0.00,0,0,0.00,0.00,0.00,0,0,0.00,0.00,0,0
1453696532,s2-eth1,0.00,0.00,0.00,0,0,0.00,0.00,0.00,0,0,0.00,0.00,0,0
1453696532,lo,0.00,0.00,0.00,0,0,0.00,0.00,0.00,0,0,0.00,0.00,0,0
1453696532,s3-eth2,0.00,0.00,0.00,0,0,0.00,0.00,0.00,0,0,0.00,0.00,0,0
1453696532,s3-eth1,0.00,0.00,0.00,0,0,0.00,0.00,0.00,0,0,0.00,0.00,0,0
1453696532,total,0.00,0.00,0.00,0,0,0.00,0.00,0.00,0,0,0.00,0.00,0,0
1453696533,s5,0.00,0.00,0.00,0,0,0.00,0.00,0.00,0,0,0.00,0.00,0,0
1453696533,s1,90.00,3443.00,3533.00,3443,90,1.00,20.00,21.00,20,1,0.00,0.00,0,0
1453696533,eth0,304.00,790.00,1094.00,790,304,4.00,4.00,8.00,4,4,0.00,0.00,0,0
1453696533,eth1,0.00,0.00,0.00,0,0,0.00,0.00,0.00,0,0,0.00,0.00,0,0
1453696533,s2,250.00,3905.00,4155.00,3905,250,3.00,21.00,24.00,21,3,0.00,0.00,0,0
1453696533,s1-eth2,68102.00,5867211.00,5935313.00,5867211,68102,1011.00,1020.00,2031.00,1020,1011,0.00,0.00,0,0
1453696533,s1-eth1,5862954.00,66156.00,5929110.00,66156,5862954,1027.00,1002.00,2029.00,1002,1027,0.00,0.00,0,0
1453696533,s3,0.00,3887.00,3887.00,3887,0,0.00,21.00,21.00,21,0,0.00,0.00,0,0
1453696533,s2-eth2,69863.00,5865727.00,5935590.00,5865727,69863,1021.00,1012.00,2033.00,1012,1021,0.00,0.00,0,0
1453696533,s2-eth1,5867211.00,68036.00,5935247.00,68036,5867211,1020.00,1010.00,2030.00,1010,1020,0.00,0.00,0,0
1453696533,lo,19814.00,19814.00,39628.00,19814,19814,182.00,182.00,364.00,182,182,0.00,0.00,0,0
1453696533,s3-eth2,71376.00,5863948.00,5935324.00,5863948,71376,1026.00,1002.00,2028.00,1002,1026,0.00,0.00,0,0
1453696533,s3-eth1,5865727.00,69863.00,5935590.00,69863,5865727,1012.00,1021.00,2033.00,1021,1012,0.00,0.00,0,0
1453696533,total,17825692.00,17832780.00,35658472.00,17832780,17825691,6307.00,6315.00,12622.00,6315,6307,0.00,0.00,0,0
1453696534,s5,0.00,0.00,0.00,0,0,0.00,0.00,0.00,0,0,0.00,0.00,0,0
1453696534,s1,0.00,1979.00,1979.00,1979,0,0.00,7.00,7.00,7,0,0.00,0.00,0,0
1453696534,eth0,152.00,395.00,547.00,395,152,2.00,2.00,4.00,2,2,0.00,0.00,0,0
1453696534,eth1,0.00,0.00,0.00,0,0,0.00,0.00,0.00,0,0,0.00,0.00,0,0
1453696534,s2,0.00,1759.00,1759.00,1759,0,0.00,7.00,7.00,7,0,0.00,0.00,0,0
1453696534,s1-eth2,67838.00,5953707.00,6021545.00,5953707,67838,1020.00,1023.00,2043.00,1023,1020,0.00,0.00,0,0
1453696534,s1-eth1,5960501.00,67056.00,6027557.00,67056,5960501,1027.00,1016.00,2043.00,1016,1027,0.00,0.00,0,0
1453696534,s3,0.00,1652.00,1652.00,1652,0,0.00,6.00,6.00,6,0,0.00,0.00,0,0
1453696534,s2-eth2,68708.00,5952771.00,6021479.00,5952771,68708,1022.00,1020.00,2042.00,1020,1022,0.00,0.00,0,0
1453696534,s2-eth1,5953707.00,67838.00,6021545.00,67838,5953707,1023.00,1020.00,2043.00,1020,1023,0.00,0.00,0,0
1453696534,lo,6875.00,6875.00,13750.00,6875,6875,63.00,63.00,126.00,63,63,0.00,0.00,0,0
1453696534,s3-eth2,69710.00,5957586.00,6027296.00,5957586,69710,1026.00,1017.00,2043.00,1017,1026,0.00,0.00,0,0
1453696534,s3-eth1,5952771.00,68708.00,6021479.00,68708,5952771,1020.00,1022.00,2042.00,1022,1020,0.00,0.00,0,0
1453696534,total,18080262.00,18080326.00,36160588.00,18080326,18080262,6203.00,6203.00,12406.00,6203,6203,0.00,0.00,0,0
1453696535,s5,0.00,0.00,0.00,0,0,0.00,0.00,0.00,0,0,0.00,0.00,0,0
1453696535,s1,0.00,434.00,434.00,434,0,0.00,2.00,2.00,2,0,0.00,0.00,0,0
1453696535,eth0,0.00,0.00,0.00,0,0,0.00,0.00,0.00,0,0,0.00,0.00,0,0
1453696535,eth1,0.00,0.00,0.00,0,0,0.00,0.00,0.00,0,0,0.00,0.00,0,0
1453696535,s2,0.00,654.00,654.00,654,0,0.00,2.00,2.00,2,0,0.00,0.00,0,0
1453696535,s1-eth2,74115.00,5912854.00,5986969.00,5912854,74115,1119.00,1300.00,2419.00,1300,1119,0.00,0.00,0,0
1453696535,s1-eth1,5912961.00,73788.00,5986749.00,73788,5912961,1301.00,1118.00,2419.00,1118,1301,0.00,0.00,0,0
1453696535,s3,0.00,434.00,434.00,434,0,0.00,2.00,2.00,2,0,0.00,0.00,0,0
1453696535,s2-eth2,74222.00,5918935.00,5993157.00,5918935,74222,1120.00,1305.00,2425.00,1305,1120,0.00,0.00,0,0
1453696535,s2-eth1,5912854.00,74115.00,5986969.00,74115,5912854,1300.00,1119.00,2419.00,1119,1300,0.00,0.00,0,0
1453696535,lo,1914.00,1914.00,3828.00,1914,1914,18.00,18.00,36.00,18,18,0.00,0.00,0,0
1453696535,s3-eth2,74329.00,5911764.00,5986093.00,5911764,74329,1121.00,1310.00,2431.00,1310,1121,0.00,0.00,0,0
1453696535,s3-eth1,5918935.00,74222.00,5993157.00,74222,5918935,1305.00,1120.00,2425.00,1120,1305,0.00,0.00,0,0
1453696535,total,17969330.00,17969114.00,35938444.00,17969114,17969330,7284.00,7296.00,14580.00,7296,7284,0.00,0.00,0,0
1453696536,s5,0.00,0.00,0.00,0,0,0.00,0.00,0.00,0,0,0.00,0.00,0,0
1453696536,s1,70.00,1248.00,1318.00,1248,70,1.00,8.00,9.00,8,1,0.00,0.00,0,0
1453696536,eth0,60.00,60.00,120.00,60,60,1.00,1.00,2.00,1,1,0.00,0.00,0,0
1453696536,eth1,60.00,60.00,120.00,60,60,1.00,1.00,2.00,1,1,0.00,0.00,0,0
1453696536,s2,0.00,1098.00,1098.00,1098,0,0.00,9.00,9.00,9,0,0.00,0.00,0,0
1453696536,s1-eth2,78728.00,6055952.00,6134680.00,6055952,78728,1189.00,1246.00,2435.00,1246,1189,0.00,0.00,0,0
1453696536,s1-eth1,6056359.00,78214.00,6134573.00,78214,6056359,1249.00,1185.00,2434.00,1185,1249,0.00,0.00,0,0
1453696536,s3,70.00,991.00,1061.00,991,70,1.00,8.00,9.00,8,1,0.00,0.00,0,0
1453696536,s2-eth2,79065.00,6054958.00,6134023.00,6054958,79065,1191.00,1238.00,2429.00,1238,1191,0.00,0.00,0,0
1453696536,s2-eth1,6055952.00,78728.00,6134680.00,78728,6055952,1246.00,1189.00,2435.00,1189,1246,0.00,0.00,0,0
1453696536,lo,7738.00,7738.00,15476.00,7738,7738,80.00,80.00,160.00,80,80,0.00,0.00,0,0
1453696536,s3-eth2,79472.00,6055500.00,6134972.00,6055500,79472,1194.00,1228.00,2422.00,1228,1194,0.00,0.00,0,0
1453696536,s3-eth1,6054958.00,79065.00,6134023.00,79065,6054958,1238.00,1191.00,2429.00,1191,1238,0.00,0.00,0,0
1453696536,total,18412532.00,18413612.00,36826144.00,18413612,18412532,7391.00,7384.00,14775.00,7384,7391,0.00,0.00,0,0
1453696537,s5,0.00,0.00,0.00,0,0,0.00,0.00,0.00,0,0,0.00,0.00,0,0
1453696537,s1,0.00,467.00,467.00,467,0,0.00,3.00,3.00,3,0,0.00,0.00,0,0
1453696537,eth0,0.00,0.00,0.00,0,0,0.00,0.00,0.00,0,0,0.00,0.00,0,0
1453696537,eth1,0.00,0.00,0.00,0,0,0.00,0.00,0.00,0,0,0.00,0.00,0,0
1453696537,s2,70.00,724.00,794.00,724,70,1.00,3.00,4.00,3,1,0.00,0.00,0,0
1453696537,s1-eth2,68439.00,6051781.00,6120220.00,6051781,68439,1033.00,1036.00,2069.00,1036,1033,0.00,0.00,0,0
1453696537,s1-eth1,6046250.00,68178.00,6114428.00,68178,6046250,1036.00,1033.00,2069.00,1033,1036,0.00,0.00,0,0
1453696537,s3,0.00,724.00,724.00,724,0,0.00,3.00,3.00,3,0,0.00,0.00,0,0
1453696537,s2-eth2,68902.00,6051711.00,6120613.00,6051711,68902,1036.00,1035.00,2071.00,1035,1036,0.00,0.00,0,0
1453696537,s2-eth1,6051781.00,68439.00,6120220.00,68439,6051781,1036.00,1033.00,2069.00,1033,1036,0.00,0.00,0,0
1453696537,lo,3194.00,3194.00,6388.00,3194,3194,34.00,34.00,68.00,34,34,0.00,0.00,0,0
1453696537,s3-eth2,69163.00,6051314.00,6120477.00,6051314,69163,1036.00,1033.00,2069.00,1033,1036,0.00,0.00,0,0
1453696537,s3-eth1,6051711.00,68902.00,6120613.00,68902,6051711,1035.00,1036.00,2071.00,1036,1035,0.00,0.00,0,0
1453696537,total,18359510.00,18365434.00,36724944.00,18365434,18359510,6247.00,6249.00,12496.00,6249,6247,0.00,0.00,0,0
1453696538,s5,0.00,0.00,0.00,0,0,0.00,0.00,0.00,0,0,0.00,0.00,0,0
1453696538,s1,0.00,0.00,0.00,0,0,0.00,0.00,0.00,0,0,0.00,0.00,0,0
1453696538,eth0,0.00,0.00,0.00,0,0,0.00,0.00,0.00,0,0,0.00,0.00,0,0
1453696538,eth1,0.00,0.00,0.00,0,0,0.00,0.00,0.00,0,0,0.00,0.00,0,0
1453696538,s2,0.00,0.00,0.00,0,0,0.00,0.00,0.00,0,0,0.00,0.00,0,0
1453696538,s1-eth2,68046.00,6039598.00,6107644.00,6039598,68046,1031.00,1031.00,2062.00,1031,1031,0.00,0.00,0,0
1453696538,s1-eth1,6039598.00,68046.00,6107644.00,68046,6039598,1031.00,1031.00,2062.00,1031,1031,0.00,0.00,0,0
1453696538,s3,0.00,0.00,0.00,0,0,0.00,0.00,0.00,0,0,0.00,0.00,0,0
1453696538,s2-eth2,68046.00,6039598.00,6107644.00,6039598,68046,1031.00,1031.00,2062.00,1031,1031,0.00,0.00,0,0
1453696538,s2-eth1,6039598.00,68046.00,6107644.00,68046,6039598,1031.00,1031.00,2062.00,1031,1031,0.00,0.00,0,0
1453696538,lo,0.00,0.00,0.00,0,0,0.00,0.00,0.00,0,0,0.00,0.00,0,0
1453696538,s3-eth2,68046.00,6039598.00,6107644.00,6039598,68046,1031.00,1031.00,2062.00,1031,1031,0.00,0.00,0,0
1453696538,s3-eth1,6039598.00,68046.00,6107644.00,68046,6039598,1031.00,1031.00,2062.00,1031,1031,0.00,0.00,0,0
1453696538,total,18322932.00,18322932.00,36645864.00,18322932,18322932,6186.00,6186.00,12372.00,6186,6186,0.00,0.00,0,0
1453696539,s5,0.00,0.00,0.00,0,0,0.00,0.00,0.00,0,0,0.00,0.00,0,0
1453696539,s1,0.00,449.00,449.00,449,0,0.00,2.00,2.00,2,0,0.00,0.00,0,0
1453696539,eth0,0.00,0.00,0.00,0,0,0.00,0.00,0.00,0,0,0.00,0.00,0,0
1453696539,eth1,0.00,0.00,0.00,0,0,0.00,0.00,0.00,0,0,0.00,0.00,0,0
1453696539,s2,0.00,0.00,0.00,0,0,0.00,0.00,0.00,0,0,0.00,0.00,0,0
1453696539,s1-eth2,68178.00,6051763.00,6119941.00,6051763,68178,1033.00,1035.00,2068.00,1035,1033,0.00,0.00,0,0
1453696539,s1-eth1,6052212.00,68112.00,6120324.00,68112,6052212,1037.00,1032.00,2069.00,1032,1037,0.00,0.00,0,0
1453696539,s3,0.00,449.00,449.00,449,0,0.00,2.00,2.00,2,0,0.00,0.00,0,0
1453696539,s2-eth2,68561.00,6051314.00,6119875.00,6051314,68561,1034.00,1033.00,2067.00,1033,1034,0.00,0.00,0,0
1453696539,s2-eth1,6051763.00,68178.00,6119941.00,68178,6051763,1035.00,1033.00,2068.00,1033,1035,0.00,0.00,0,0
1453696539,lo,1262.00,1262.00,2524.00,1262,1262,12.00,12.00,24.00,12,12,0.00,0.00,0,0
1453696539,s3-eth2,69076.00,6051314.00,6120390.00,6051314,69076,1037.00,1033.00,2070.00,1033,1037,0.00,0.00,0,0
1453696539,s3-eth1,6051314.00,68561.00,6119875.00,68561,6051314,1033.00,1034.00,2067.00,1034,1033,0.00,0.00,0,0
1453696539,total,18362366.00,18361402.00,36723768.00,18361402,18362366,6221.00,6216.00,12437.00,6216,6221,0.00,0.00,0,0
1453696540,s5,0.00,0.00,0.00,0,0,0.00,0.00,0.00,0,0,0.00,0.00,0,0
1453696540,s1,70.00,387.00,457.00,387,70,1.00,5.00,6.00,5,1,0.00,0.00,0,0
1453696540,eth0,0.00,0.00,0.00,0,0,0.00,0.00,0.00,0,0,0.00,0.00,0,0
1453696540,eth1,0.00,0.00,0.00,0,0,0.00,0.00,0.00,0,0,0.00,0.00,0,0
1453696540,s2,0.00,906.00,906.00,906,0,0.00,8.00,8.00,8,0,0.00,0.00,0,0
1453696540,s1-eth2,68705.00,6039915.00,6108620.00,6039915,68705,1036.00,1035.00,2071.00,1035,1036,0.00,0.00,0,0
1453696540,s1-eth1,6040055.00,68182.00,6108237.00,68182,6040055,1037.00,1033.00,2070.00,1033,1037,0.00,0.00,0,0
1453696540,s3,70.00,799.00,869.00,799,70,1.00,7.00,8.00,7,1,0.00,0.00,0,0
1453696540,s2-eth2,68841.00,6039845.00,6108686.00,6039845,68841,1038.00,1034.00,2072.00,1034,1038,0.00,0.00,0,0
1453696540,s2-eth1,6039915.00,68705.00,6108620.00,68705,6039915,1035.00,1036.00,2071.00,1036,1035,0.00,0.00,0,0
1453696540,lo,6160.00,6160.00,12320.00,6160,6160,66.00,66.00,132.00,66,66,0.00,0.00,0,0
1453696540,s3-eth2,68915.00,6039668.00,6108583.00,6039668,68915,1039.00,1032.00,2071.00,1032,1039,0.00,0.00,0,0
1453696540,s3-eth1,6039845.00,68841.00,6108686.00,68841,6039845,1034.00,1038.00,2072.00,1038,1034,0.00,0.00,0,0
1453696540,total,18332576.00,18333408.00,36665984.00,18333408,18332576,6287.00,6294.00,12581.00,6294,6287,0.00,0.00,0,0
1453696541,s5,0.00,0.00,0.00,0,0,0.00,0.00,0.00,0,0,0.00,0.00,0,0
1453696541,s1,0.00,140.00,140.00,140,0,0.00,2.00,2.00,2,0,0.00,0.00,0,0
1453696541,eth0,0.00,0.00,0.00,0,0,0.00,0.00,0.00,0,0,0.00,0.00,0,0
1453696541,eth1,0.00,0.00,0.00,0,0,0.00,0.00,0.00,0,0,0.00,0.00,0,0
1453696541,s2,70.00,70.00,140.00,70,70,1.00,1.00,2.00,1,1,0.00,0.00,0,0
1453696541,s1-eth2,68178.00,6045596.00,6113774.00,6045596,68178,1033.00,1034.00,2067.00,1034,1033,0.00,0.00,0,0
1453696541,s1-eth1,6051454.00,68112.00,6119566.00,68112,6051454,1035.00,1032.00,2067.00,1032,1035,0.00,0.00,0,0
1453696541,s3,0.00,70.00,70.00,70,0,0.00,1.00,1.00,1,0,0.00,0.00,0,0
1453696541,s2-eth2,68182.00,6051384.00,6119566.00,6051384,68182,1033.00,1034.00,2067.00,1034,1033,0.00,0.00,0,0
1453696541,s2-eth1,6051454.00,68178.00,6119632.00,68178,6051454,1035.00,1033.00,2068.00,1033,1035,0.00,0.00,0,0
1453696541,lo,1340.00,1340.00,2680.00,1340,1340,15.00,15.00,30.00,15,15,0.00,0.00,0,0
1453696541,s3-eth2,68248.00,6051314.00,6119562.00,6051314,68248,1034.00,1033.00,2067.00,1033,1034,0.00,0.00,0,0
1453696541,s3-eth1,6051384.00,68182.00,6119566.00,68182,6051384,1034.00,1033.00,2067.00,1033,1034,0.00,0.00,0,0
1453696541,total,18360310.00,18354386.00,36714696.00,18354386,18360310,6220.00,6218.00,12438.00,6218,6220,0.00,0.00,0,0
1453696542,s5,0.00,0.00,0.00,0,0,0.00,0.00,0.00,0,0,0.00,0.00,0,0
1453696542,s1,0.00,342.00,342.00,342,0,0.00,1.00,1.00,1,0,0.00,0.00,0,0
1453696542,eth0,0.00,0.00,0.00,0,0,0.00,0.00,0.00,0,0,0.00,0.00,0,0
1453696542,eth1,0.00,0.00,0.00,0,0,0.00,0.00,0.00,0,0,0.00,0.00,0,0
1453696542,s2,0.00,342.00,342.00,342,0,0.00,1.00,1.00,1,0,0.00,0.00,0,0
1453696542,s1-eth2,68046.00,6045798.00,6113844.00,6045798,68046,1031.00,1033.00,2064.00,1033,1031,0.00,0.00,0,0
1453696542,s1-eth1,6039940.00,68112.00,6108052.00,68112,6039940,1032.00,1032.00,2064.00,1032,1032,0.00,0.00,0,0
1453696542,s3,0.00,0.00,0.00,0,0,0.00,0.00,0.00,0,0,0.00,0.00,0,0
1453696542,s2-eth2,68112.00,6039940.00,6108052.00,6039940,68112,1032.00,1032.00,2064.00,1032,1032,0.00,0.00,0,0
1453696542,s2-eth1,6039940.00,68046.00,6107986.00,68046,6039940,1032.00,1031.00,2063.00,1031,1032,0.00,0.00,0,0
1453696542,lo,824.00,824.00,1648.00,824,824,9.00,9.00,18.00,9,9,0.00,0.00,0,0
1453696542,s3-eth2,68046.00,6039598.00,6107644.00,6039598,68046,1031.00,1031.00,2062.00,1031,1031,0.00,0.00,0,0
1453696542,s3-eth1,6039940.00,68112.00,6108052.00,68112,6039940,1032.00,1032.00,2064.00,1032,1032,0.00,0.00,0,0
1453696542,total,18324848.00,18331114.00,36655960.00,18331114,18324848,6199.00,6202.00,12401.00,6202,6199,0.00,0.00,0,0
1453696543,s5,0.00,0.00,0.00,0,0,0.00,0.00,0.00,0,0,0.00,0.00,0,0
1453696543,s1,0.00,0.00,0.00,0,0,0.00,0.00,0.00,0,0,0.00,0.00,0,0
1453696543,eth0,0.00,0.00,0.00,0,0,0.00,0.00,0.00,0,0,0.00,0.00,0,0
1453696543,eth1,0.00,0.00,0.00,0,0,0.00,0.00,0.00,0,0,0.00,0.00,0,0
1453696543,s2,0.00,0.00,0.00,0,0,0.00,0.00,0.00,0,0,0.00,0.00,0,0
1453696543,s1-eth2,68178.00,6045456.00,6113634.00,6045456,68178,1033.00,1032.00,2065.00,1032,1033,0.00,0.00,0,0
1453696543,s1-eth1,6051314.00,68112.00,6119426.00,68112,6051314,1033.00,1032.00,2065.00,1032,1033,0.00,0.00,0,0
1453696543,s3,0.00,0.00,0.00,0,0,0.00,0.00,0.00,0,0,0.00,0.00,0,0
1453696543,s2-eth2,68112.00,6051314.00,6119426.00,6051314,68112,1032.00,1033.00,2065.00,1033,1032,0.00,0.00,0,0
1453696543,s2-eth1,6051314.00,68178.00,6119492.00,68178,6051314,1033.00,1033.00,2066.00,1033,1033,0.00,0.00,0,0
1453696543,lo,0.00,0.00,0.00,0,0,0.00,0.00,0.00,0,0,0.00,0.00,0,0
1453696543,s3-eth2,68178.00,6051314.00,6119492.00,6051314,68178,1033.00,1033.00,2066.00,1033,1033,0.00,0.00,0,0
1453696543,s3-eth1,6051314.00,68112.00,6119426.00,68112,6051314,1033.00,1032.00,2065.00,1032,1033,0.00,0.00,0,0
1453696543,total,18358410.00,18352486.00,36710896.00,18352486,18358410,6197.00,6195.00,12392.00,6195,6197,0.00,0.00,0,0
1453696544,s5,0.00,0.00,0.00,0,0,0.00,0.00,0.00,0,0,0.00,0.00,0,0
1453696544,s1,0.00,0.00,0.00,0,0,0.00,0.00,0.00,0,0,0.00,0.00,0,0
1453696544,eth0,0.00,0.00,0.00,0,0,0.00,0.00,0.00,0,0,0.00,0.00,0,0
1453696544,eth1,0.00,0.00,0.00,0,0,0.00,0.00,0.00,0,0,0.00,0.00,0,0
1453696544,s2,0.00,0.00,0.00,0,0,0.00,0.00,0.00,0,0,0.00,0.00,0,0
1453696544,s1-eth2,68046.00,6045456.00,6113502.00,6045456,68046,1031.00,1032.00,2063.00,1032,1031,0.00,0.00,0,0
1453696544,s1-eth1,6039598.00,68112.00,6107710.00,68112,6039598,1031.00,1032.00,2063.00,1032,1031,0.00,0.00,0,0
1453696544,s3,0.00,342.00,342.00,342,0,0.00,1.00,1.00,1,0,0.00,0.00,0,0
1453696544,s2-eth2,68454.00,6039598.00,6108052.00,6039598,68454,1033.00,1031.00,2064.00,1031,1033,0.00,0.00,0,0
1453696544,s2-eth1,6039598.00,68046.00,6107644.00,68046,6039598,1031.00,1031.00,2062.00,1031,1031,0.00,0.00,0,0
1453696544,lo,326.00,326.00,652.00,326,326,3.00,3.00,6.00,3,3,0.00,0.00,0,0
1453696544,s3-eth2,68388.00,6039598.00,6107986.00,6039598,68388,1032.00,1031.00,2063.00,1031,1032,0.00,0.00,0,0
1453696544,s3-eth1,6039598.00,68454.00,6108052.00,68454,6039598,1031.00,1033.00,2064.00,1033,1031,0.00,0.00,0,0
1453696544,total,18324008.00,18329932.00,36653940.00,18329932,18324008,6192.00,6194.00,12386.00,6194,6192,0.00,0.00,0,0
1453696545,s5,0.00,0.00,0.00,0,0,0.00,0.00,0.00,0,0,0.00,0.00,0,0
1453696545,s1,0.00,0.00,0.00,0,0,0.00,0.00,0.00,0,0,0.00,0.00,0,0
1453696545,eth0,0.00,288.00,288.00,288,0,0.00,1.00,1.00,1,0,0.00,0.00,0,0
1453696545,eth1,0.00,288.00,288.00,288,0,0.00,1.00,1.00,1,0,0.00,0.00,0,0
1453696545,s2,0.00,0.00,0.00,0,0,0.00,0.00,0.00,0,0,0.00,0.00,0,0
1453696545,s1-eth2,68112.00,6045456.00,6113568.00,6045456,68112,1032.00,1032.00,2064.00,1032,1032,0.00,0.00,0,0
1453696545,s1-eth1,6045456.00,68112.00,6113568.00,68112,6045456,1032.00,1032.00,2064.00,1032,1032,0.00,0.00,0,0
1453696545,s3,0.00,0.00,0.00,0,0,0.00,0.00,0.00,0,0,0.00,0.00,0,0
1453696545,s2-eth2,68112.00,6045456.00,6113568.00,6045456,68112,1032.00,1032.00,2064.00,1032,1032,0.00,0.00,0,0
1453696545,s2-eth1,6045456.00,68178.00,6113634.00,68178,6045456,1032.00,1033.00,2065.00,1033,1032,0.00,0.00,0,0
1453696545,lo,0.00,0.00,0.00,0,0,0.00,0.00,0.00,0,0,0.00,0.00,0,0
1453696545,s3-eth2,68178.00,6045456.00,6113634.00,6045456,68178,1033.00,1032.00,2065.00,1032,1033,0.00,0.00,0,0
1453696545,s3-eth1,6045456.00,68112.00,6113568.00,68112,6045456,1032.00,1032.00,2064.00,1032,1032,0.00,0.00,0,0
1453696545,total,18340770.00,18341346.00,36682116.00,18341346,18340770,6193.00,6195.00,12388.00,6195,6193,0.00,0.00,0,0
1453696546,s5,0.00,0.00,0.00,0,0,0.00,0.00,0.00,0,0,0.00,0.00,0,0
1453696546,s1,0.00,342.00,342.00,342,0,0.00,1.00,1.00,1,0,0.00,0.00,0,0
1453696546,eth0,0.00,0.00,0.00,0,0,0.00,0.00,0.00,0,0,0.00,0.00,0,0
1453696546,eth1,0.00,0.00,0.00,0,0,0.00,0.00,0.00,0,0,0.00,0.00,0,0
1453696546,s2,0.00,342.00,342.00,342,0,0.00,1.00,1.00,1,0,0.00,0.00,0,0
1453696546,s1-eth2,68454.00,6045798.00,6114252.00,6045798,68454,1033.00,1033.00,2066.00,1033,1033,0.00,0.00,0,0
1453696546,s1-eth1,6045798.00,68046.00,6113844.00,68046,6045798,1033.00,1031.00,2064.00,1031,1033,0.00,0.00,0,0
1453696546,s3,0.00,342.00,342.00,342,0,0.00,1.00,1.00,1,0,0.00,0.00,0,0
1453696546,s2-eth2,68388.00,6045456.00,6113844.00,6045456,68388,1032.00,1032.00,2064.00,1032,1032,0.00,0.00,0,0
1453696546,s2-eth1,6045798.00,68388.00,6114186.00,68388,6045798,1033.00,1032.00,2065.00,1032,1033,0.00,0.00,0,0
1453696546,lo,978.00,978.00,1956.00,978,978,9.00,9.00,18.00,9,9,0.00,0.00,0,0
1453696546,s3-eth2,68388.00,6045456.00,6113844.00,6045456,68388,1032.00,1032.00,2064.00,1032,1032,0.00,0.00,0,0
1453696546,s3-eth1,6045456.00,68388.00,6113844.00,68388,6045456,1032.00,1032.00,2064.00,1032,1032,0.00,0.00,0,0
1453696546,total,18343260.00,18343536.00,36686796.00,18343536,18343260,6204.00,6204.00,12408.00,6204,6204,0.00,0.00,0,0
1453696547,s5,0.00,0.00,0.00,0,0,0.00,0.00,0.00,0,0,0.00,0.00,0,0
1453696547,s1,0.00,107.00,107.00,107,0,0.00,1.00,1.00,1,0,0.00,0.00,0,0
1453696547,eth0,0.00,0.00,0.00,0,0,0.00,0.00,0.00,0,0,0.00,0.00,0,0
1453696547,eth1,0.00,0.00,0.00,0,0,0.00,0.00,0.00,0,0,0.00,0.00,0,0
1453696547,s2,0.00,0.00,0.00,0,0,0.00,0.00,0.00,0,0,0.00,0.00,0,0
1453696547,s1-eth2,68112.00,6045563.00,6113675.00,6045563,68112,1032.00,1033.00,2065.00,1033,1032,0.00,0.00,0,0
1453696547,s1-eth1,6046012.00,68112.00,6114124.00,68112,6046012,1035.00,1032.00,2067.00,1032,1035,0.00,0.00,0,0
1453696547,s3,0.00,107.00,107.00,107,0,0.00,1.00,1.00,1,0,0.00,0.00,0,0
1453696547,s2-eth2,68285.00,6045456.00,6113741.00,6045456,68285,1034.00,1032.00,2066.00,1032,1034,0.00,0.00,0,0
1453696547,s2-eth1,6045563.00,68112.00,6113675.00,68112,6045563,1033.00,1032.00,2065.00,1032,1033,0.00,0.00,0,0
1453696547,lo,782.00,782.00,1564.00,782,782,9.00,9.00,18.00,9,9,0.00,0.00,0,0
1453696547,s3-eth2,68326.00,6045456.00,6113782.00,6045456,68326,1034.00,1032.00,2066.00,1032,1034,0.00,0.00,0,0
1453696547,s3-eth1,6045456.00,68285.00,6113741.00,68285,6045456,1032.00,1034.00,2066.00,1034,1032,0.00,0.00,0,0
1453696547,total,18342536.00,18341980.00,36684516.00,18341980,18342536,6209.00,6206.00,12415.00,6206,6209,0.00,0.00,0,0
1453696548,s5,0.00,0.00,0.00,0,0,0.00,0.00,0.00,0,0,0.00,0.00,0,0
1453696548,s1,0.00,107.00,107.00,107,0,0.00,1.00,1.00,1,0,0.00,0.00,0,0
1453696548,eth0,0.00,0.00,0.00,0,0,0.00,0.00,0.00,0,0,0.00,0.00,0,0
1453696548,eth1,0.00,0.00,0.00,0,0,0.00,0.00,0.00,0,0,0.00,0.00,0,0
1453696548,s2,0.00,214.00,214.00,214,0,0.00,2.00,2.00,2,0,0.00,0.00,0,0
1453696548,s1-eth2,68219.00,6039705.00,6107924.00,6039705,68219,1033.00,1032.00,2065.00,1032,1033,0.00,0.00,0,0
1453696548,s1-eth1,6045563.00,68112.00,6113675.00,68112,6045563,1033.00,1032.00,2065.00,1032,1033,0.00,0.00,0,0
1453696548,s3,0.00,107.00,107.00,107,0,0.00,1.00,1.00,1,0,0.00,0.00,0,0
1453696548,s2-eth2,68153.00,6045563.00,6113716.00,6045563,68153,1032.00,1033.00,2065.00,1033,1032,0.00,0.00,0,0
1453696548,s2-eth1,6045563.00,68219.00,6113782.00,68219,6045563,1033.00,1033.00,2066.00,1033,1033,0.00,0.00,0,0
1453696548,lo,1220.00,1220.00,2440.00,1220,1220,12.00,12.00,24.00,12,12,0.00,0.00,0,0
1453696548,s3-eth2,68219.00,6045456.00,6113675.00,6045456,68219,1033.00,1032.00,2065.00,1032,1033,0.00,0.00,0,0
1453696548,s3-eth1,6045563.00,68153.00,6113716.00,68153,6045563,1033.00,1032.00,2065.00,1032,1033,0.00,0.00,0,0
1453696548,total,18342500.00,18336856.00,36679356.00,18336856,18342500,6209.00,6210.00,12419.00,6210,6209,0.00,0.00,0,0
1453696549,s5,0.00,0.00,0.00,0,0,0.00,0.00,0.00,0,0,0.00,0.00,0,0
1453696549,s1,0.00,0.00,0.00,0,0,0.00,0.00,0.00,0,0,0.00,0.00,0,0
1453696549,eth0,0.00,0.00,0.00,0,0,0.00,0.00,0.00,0,0,0.00,0.00,0,0
1453696549,eth1,0.00,0.00,0.00,0,0,0.00,0.00,0.00,0,0,0.00,0.00,0,0
1453696549,s2,0.00,0.00,0.00,0,0,0.00,0.00,0.00,0,0,0.00,0.00,0,0
1453696549,s1-eth2,68112.00,6051314.00,6119426.00,6051314,68112,1032.00,1033.00,2065.00,1033,1032,0.00,0.00,0,0
1453696549,s1-eth1,6045456.00,68178.00,6113634.00,68178,6045456,1032.00,1033.00,2065.00,1033,1032,0.00,0.00,0,0
1453696549,s3,0.00,0.00,0.00,0,0,0.00,0.00,0.00,0,0,0.00,0.00,0,0
1453696549,s2-eth2,68178.00,6045456.00,6113634.00,6045456,68178,1033.00,1032.00,2065.00,1032,1033,0.00,0.00,0,0
1453696549,s2-eth1,6045456.00,68112.00,6113568.00,68112,6045456,1032.00,1032.00,2064.00,1032,1032,0.00,0.00,0,0
1453696549,lo,0.00,0.00,0.00,0,0,0.00,0.00,0.00,0,0,0.00,0.00,0,0
1453696549,s3-eth2,68454.00,6045456.00,6113910.00,6045456,68454,1033.00,1032.00,2065.00,1032,1033,0.00,0.00,0,0
1453696549,s3-eth1,6045456.00,68178.00,6113634.00,68178,6045456,1032.00,1033.00,2065.00,1033,1032,0.00,0.00,0,0
1453696549,total,18341112.00,18346694.00,36687808.00,18346694,18341112,6194.00,6195.00,12389.00,6195,6194,0.00,0.00,0,0
1453696550,s5,0.00,0.00,0.00,0,0,0.00,0.00,0.00,0,0,0.00,0.00,0,0
1453696550,s1,0.00,0.00,0.00,0,0,0.00,0.00,0.00,0,0,0.00,0.00,0,0
1453696550,eth0,0.00,0.00,0.00,0,0,0.00,0.00,0.00,0,0,0.00,0.00,0,0
1453696550,eth1,0.00,0.00,0.00,0,0,0.00,0.00,0.00,0,0,0.00,0.00,0,0
1453696550,s2,0.00,0.00,0.00,0,0,0.00,0.00,0.00,0,0,0.00,0.00,0,0
1453696550,s1-eth2,68046.00,6039598.00,6107644.00,6039598,68046,1031.00,1031.00,2062.00,1031,1031,0.00,0.00,0,0
1453696550,s1-eth1,6039598.00,68046.00,6107644.00,68046,6039598,1031.00,1031.00,2062.00,1031,1031,0.00,0.00,0,0
1453696550,s3,0.00,0.00,0.00,0,0,0.00,0.00,0.00,0,0,0.00,0.00,0,0
1453696550,s2-eth2,68046.00,6039598.00,6107644.00,6039598,68046,1031.00,1031.00,2062.00,1031,1031,0.00,0.00,0,0
1453696550,s2-eth1,6039598.00,68112.00,6107710.00,68112,6039598,1031.00,1032.00,2063.00,1032,1031,0.00,0.00,0,0
1453696550,lo,0.00,0.00,0.00,0,0,0.00,0.00,0.00,0,0,0.00,0.00,0,0
1453696550,s3-eth2,68112.00,6039598.00,6107710.00,6039598,68112,1032.00,1031.00,2063.00,1031,1032,0.00,0.00,0,0
1453696550,s3-eth1,6039598.00,68046.00,6107644.00,68046,6039598,1031.00,1031.00,2062.00,1031,1031,0.00,0.00,0,0
1453696550,total,18322998.00,18322998.00,36645996.00,18322998,18322998,6187.00,6187.00,12374.00,6187,6187,0.00,0.00,0,0
1453696551,s5,0.00,0.00,0.00,0,0,0.00,0.00,0.00,0,0,0.00,0.00,0,0
1453696551,s1,0.00,0.00,0.00,0,0,0.00,0.00,0.00,0,0,0.00,0.00,0,0
1453696551,eth0,0.00,0.00,0.00,0,0,0.00,0.00,0.00,0,0,0.00,0.00,0,0
1453696551,eth1,0.00,0.00,0.00,0,0,0.00,0.00,0.00,0,0,0.00,0.00,0,0
1453696551,s2,0.00,0.00,0.00,0,0,0.00,0.00,0.00,0,0,0.00,0.00,0,0
1453696551,s1-eth2,68046.00,6039598.00,6107644.00,6039598,68046,1031.00,1031.00,2062.00,1031,1031,0.00,0.00,0,0
1453696551,s1-eth1,6045456.00,68046.00,6113502.00,68046,6045456,1032.00,1031.00,2063.00,1031,1032,0.00,0.00,0,0
1453696551,s3,0.00,0.00,0.00,0,0,0.00,0.00,0.00,0,0,0.00,0.00,0,0
1453696551,s2-eth2,68046.00,6045456.00,6113502.00,6045456,68046,1031.00,1032.00,2063.00,1032,1031,0.00,0.00,0,0
1453696551,s2-eth1,6045456.00,68046.00,6113502.00,68046,6045456,1032.00,1031.00,2063.00,1031,1032,0.00,0.00,0,0
1453696551,lo,0.00,0.00,0.00,0,0,0.00,0.00,0.00,0,0,0.00,0.00,0,0
1453696551,s3-eth2,68046.00,6045456.00,6113502.00,6045456,68046,1031.00,1032.00,2063.00,1032,1031,0.00,0.00,0,0
1453696551,s3-eth1,6045456.00,68046.00,6113502.00,68046,6045456,1032.00,1031.00,2063.00,1031,1032,0.00,0.00,0,0
1453696551,total,18340506.00,18334648.00,36675152.00,18334648,18340506,6189.00,6188.00,12377.00,6188,6189,0.00,0.00,0,0
1453696552,s5,0.00,0.00,0.00,0,0,0.00,0.00,0.00,0,0,0.00,0.00,0,0
1453696552,s1,0.00,0.00,0.00,0,0,0.00,0.00,0.00,0,0,0.00,0.00,0,0
1453696552,eth0,0.00,0.00,0.00,0,0,0.00,0.00,0.00,0,0,0.00,0.00,0,0
1453696552,eth1,0.00,0.00,0.00,0,0,0.00,0.00,0.00,0,0,0.00,0.00,0,0
1453696552,s2,0.00,0.00,0.00,0,0,0.00,0.00,0.00,0,0,0.00,0.00,0,0
1453696552,s1-eth2,68178.00,6051314.00,6119492.00,6051314,68178,1033.00,1033.00,2066.00,1033,1033,0.00,0.00,0,0
1453696552,s1-eth1,6045456.00,68112.00,6113568.00,68112,6045456,1032.00,1032.00,2064.00,1032,1032,0.00,0.00,0,0
1453696552,s3,0.00,0.00,0.00,0,0,0.00,0.00,0.00,0,0,0.00,0.00,0,0
1453696552,s2-eth2,68112.00,6045456.00,6113568.00,6045456,68112,1032.00,1032.00,2064.00,1032,1032,0.00,0.00,0,0
1453696552,s2-eth1,6045456.00,68112.00,6113568.00,68112,6045456,1032.00,1032.00,2064.00,1032,1032,0.00,0.00,0,0
1453696552,lo,688.00,688.00,1376.00,688,688,12.00,12.00,24.00,12,12,0.00,0.00,0,0
1453696552,s3-eth2,68112.00,6045456.00,6113568.00,6045456,68112,1032.00,1032.00,2064.00,1032,1032,0.00,0.00,0,0
1453696552,s3-eth1,6045456.00,68112.00,6113568.00,68112,6045456,1032.00,1032.00,2064.00,1032,1032,0.00,0.00,0,0
1453696552,total,18341458.00,18347250.00,36688708.00,18347250,18341458,6205.00,6205.00,12410.00,6205,6205,0.00,0.00,0,0
1453696553,s5,0.00,0.00,0.00,0,0,0.00,0.00,0.00,0,0,0.00,0.00,0,0
1453696553,s1,0.00,684.00,684.00,684,0,0.00,2.00,2.00,2,0,0.00,0.00,0,0
1453696553,eth0,0.00,0.00,0.00,0,0,0.00,0.00,0.00,0,0,0.00,0.00,0,0
1453696553,eth1,0.00,0.00,0.00,0,0,0.00,0.00,0.00,0,0,0.00,0.00,0,0
1453696553,s2,0.00,342.00,342.00,342,0,0.00,1.00,1.00,1,0,0.00,0.00,0,0
1453696553,s1-eth2,81048.00,6077622.00,6158670.00,6077622,81048,1228.00,1511.00,2739.00,1511,1228,0.00,0.00,0,0
1453696553,s1-eth1,6077622.00,81114.00,6158736.00,81114,6077622,1511.00,1229.00,2740.00,1229,1511,0.00,0.00,0,0
1453696553,s3,0.00,0.00,0.00,0,0,0.00,0.00,0.00,0,0,0.00,0.00,0,0
1453696553,s2-eth2,81114.00,6077280.00,6158394.00,6077280,81114,1229.00,1510.00,2739.00,1510,1229,0.00,0.00,0,0
1453696553,s2-eth1,6077622.00,81048.00,6158670.00,81048,6077622,1511.00,1228.00,2739.00,1228,1511,0.00,0.00,0,0
1453696553,lo,978.00,978.00,1956.00,978,978,9.00,9.00,18.00,9,9,0.00,0.00,0,0
1453696553,s3-eth2,81048.00,6076938.00,6157986.00,6076938,81048,1228.00,1509.00,2737.00,1509,1228,0.00,0.00,0,0
1453696553,s3-eth1,6077280.00,81114.00,6158394.00,81114,6077280,1510.00,1229.00,2739.00,1229,1510,0.00,0.00,0,0
1453696553,total,18476712.00,18477120.00,36953832.00,18477120,18476712,8226.00,8228.00,16454.00,8228,8226,0.00,0.00,0,0
1453696554,s5,0.00,0.00,0.00,0,0,0.00,0.00,0.00,0,0,0.00,0.00,0,0
1453696554,s1,0.00,0.00,0.00,0,0,0.00,0.00,0.00,0,0,0.00,0.00,0,0
1453696554,eth0,0.00,0.00,0.00,0,0,0.00,0.00,0.00,0,0,0.00,0.00,0,0
1453696554,eth1,0.00,0.00,0.00,0,0,0.00,0.00,0.00,0,0,0.00,0.00,0,0
1453696554,s2,0.00,0.00,0.00,0,0,0.00,0.00,0.00,0,0,0.00,0.00,0,0
1453696554,s1-eth2,96162.00,6067648.00,6163810.00,6067648,96162,1457.00,1456.00,2913.00,1456,1457,0.00,0.00,0,0
1453696554,s1-eth1,6067648.00,96096.00,6163744.00,96096,6067648,1456.00,1456.00,2912.00,1456,1456,0.00,0.00,0,0
1453696554,s3,0.00,342.00,342.00,342,0,0.00,1.00,1.00,1,0,0.00,0.00,0,0
1453696554,s2-eth2,96438.00,6067648.00,6164086.00,6067648,96438,1457.00,1456.00,2913.00,1456,1457,0.00,0.00,0,0
1453696554,s2-eth1,6067648.00,96162.00,6163810.00,96162,6067648,1456.00,1457.00,2913.00,1457,1456,0.00,0.00,0,0
1453696554,lo,326.00,326.00,652.00,326,326,3.00,3.00,6.00,3,3,0.00,0.00,0,0
1453696554,s3-eth2,96504.00,6067648.00,6164152.00,6067648,96504,1458.00,1456.00,2914.00,1456,1458,0.00,0.00,0,0
1453696554,s3-eth1,6067648.00,96438.00,6164086.00,96438,6067648,1456.00,1457.00,2913.00,1457,1456,0.00,0.00,0,0
1453696554,total,18492374.00,18492308.00,36984680.00,18492308,18492374,8743.00,8742.00,17485.00,8742,8743,0.00,0.00,0,0
1453696555,s5,0.00,0.00,0.00,0,0,0.00,0.00,0.00,0,0,0.00,0.00,0,0
1453696555,s1,0.00,0.00,0.00,0,0,0.00,0.00,0.00,0,0,0.00,0.00,0,0
1453696555,eth0,0.00,0.00,0.00,0,0,0.00,0.00,0.00,0,0,0.00,0.00,0,0
1453696555,eth1,0.00,0.00,0.00,0,0,0.00,0.00,0.00,0,0,0.00,0.00,0,0
1453696555,s2,0.00,0.00,0.00,0,0,0.00,0.00,0.00,0,0,0.00,0.00,0,0
1453696555,s1-eth2,68112.00,6051314.00,6119426.00,6051314,68112,1032.00,1033.00,2065.00,1033,1032,0.00,0.00,0,0
1453696555,s1-eth1,6051314.00,68178.00,6119492.00,68178,6051314,1033.00,1033.00,2066.00,1033,1033,0.00,0.00,0,0
1453696555,s3,0.00,0.00,0.00,0,0,0.00,0.00,0.00,0,0,0.00,0.00,0,0
1453696555,s2-eth2,68178.00,6051314.00,6119492.00,6051314,68178,1033.00,1033.00,2066.00,1033,1033,0.00,0.00,0,0
1453696555,s2-eth1,6051314.00,68112.00,6119426.00,68112,6051314,1033.00,1032.00,2065.00,1032,1033,0.00,0.00,0,0
1453696555,lo,0.00,0.00,0.00,0,0,0.00,0.00,0.00,0,0,0.00,0.00,0,0
1453696555,s3-eth2,68112.00,6051314.00,6119426.00,6051314,68112,1032.00,1033.00,2065.00,1033,1032,0.00,0.00,0,0
1453696555,s3-eth1,6051314.00,68178.00,6119492.00,68178,6051314,1033.00,1033.00,2066.00,1033,1033,0.00,0.00,0,0
1453696555,total,18358344.00,18358410.00,36716752.00,18358410,18358344,6196.00,6197.00,12393.00,6197,6196,0.00,0.00,0,0
1453696556,s5,0.00,0.00,0.00,0,0,0.00,0.00,0.00,0,0,0.00,0.00,0,0
1453696556,s1,0.00,0.00,0.00,0,0,0.00,0.00,0.00,0,0,0.00,0.00,0,0
1453696556,eth0,0.00,0.00,0.00,0,0,0.00,0.00,0.00,0,0,0.00,0.00,0,0
1453696556,eth1,0.00,0.00,0.00,0,0,0.00,0.00,0.00,0,0,0.00,0.00,0,0
1453696556,s2,0.00,0.00,0.00,0,0,0.00,0.00,0.00,0,0,0.00,0.00,0,0
1453696556,s1-eth2,68112.00,6039598.00,6107710.00,6039598,68112,1032.00,1031.00,2063.00,1031,1032,0.00,0.00,0,0
1453696556,s1-eth1,6045456.00,68046.00,6113502.00,68046,6045456,1032.00,1031.00,2063.00,1031,1032,0.00,0.00,0,0
1453696556,s3,0.00,0.00,0.00,0,0,0.00,0.00,0.00,0,0,0.00,0.00,0,0
1453696556,s2-eth2,68046.00,6045456.00,6113502.00,6045456,68046,1031.00,1032.00,2063.00,1032,1031,0.00,0.00,0,0
1453696556,s2-eth1,6045456.00,68112.00,6113568.00,68112,6045456,1032.00,1032.00,2064.00,1032,1032,0.00,0.00,0,0
1453696556,lo,0.00,0.00,0.00,0,0,0.00,0.00,0.00,0,0,0.00,0.00,0,0
1453696556,s3-eth2,68112.00,6045456.00,6113568.00,6045456,68112,1032.00,1032.00,2064.00,1032,1032,0.00,0.00,0,0
1453696556,s3-eth1,6045456.00,68046.00,6113502.00,68046,6045456,1032.00,1031.00,2063.00,1031,1032,0.00,0.00,0,0
1453696556,total,18340638.00,18334714.00,36675352.00,18334714,18340638,6191.00,6189.00,12380.00,6189,6191,0.00,0.00,0,0
1453696557,s5,0.00,0.00,0.00,0,0,0.00,0.00,0.00,0,0,0.00,0.00,0,0
1453696557,s1,0.00,0.00,0.00,0,0,0.00,0.00,0.00,0,0,0.00,0.00,0,0
1453696557,eth0,0.00,0.00,0.00,0,0,0.00,0.00,0.00,0,0,0.00,0.00,0,0
1453696557,eth1,0.00,0.00,0.00,0,0,0.00,0.00,0.00,0,0,0.00,0.00,0,0
1453696557,s2,0.00,0.00,0.00,0,0,0.00,0.00,0.00,0,0,0.00,0.00,0,0
1453696557,s1-eth2,68112.00,6051314.00,6119426.00,6051314,68112,1032.00,1033.00,2065.00,1033,1032,0.00,0.00,0,0
1453696557,s1-eth1,6045456.00,68178.00,6113634.00,68178,6045456,1032.00,1033.00,2065.00,1033,1032,0.00,0.00,0,0
1453696557,s3,0.00,0.00,0.00,0,0,0.00,0.00,0.00,0,0,0.00,0.00,0,0
1453696557,s2-eth2,68178.00,6045456.00,6113634.00,6045456,68178,1033.00,1032.00,2065.00,1032,1033,0.00,0.00,0,0
1453696557,s2-eth1,6045456.00,68112.00,6113568.00,68112,6045456,1032.00,1032.00,2064.00,1032,1032,0.00,0.00,0,0
1453696557,lo,172.00,172.00,344.00,172,172,3.00,3.00,6.00,3,3,0.00,0.00,0,0
1453696557,s3-eth2,68112.00,6045456.00,6113568.00,6045456,68112,1032.00,1032.00,2064.00,1032,1032,0.00,0.00,0,0
1453696557,s3-eth1,6045456.00,68178.00,6113634.00,68178,6045456,1032.00,1033.00,2065.00,1033,1032,0.00,0.00,0,0
1453696557,total,18340942.00,18346866.00,36687808.00,18346866,18340942,6196.00,6198.00,12394.00,6198,6196,0.00,0.00,0,0
1453696558,s5,0.00,0.00,0.00,0,0,0.00,0.00,0.00,0,0,0.00,0.00,0,0
1453696558,s1,0.00,0.00,0.00,0,0,0.00,0.00,0.00,0,0,0.00,0.00,0,0
1453696558,eth0,0.00,0.00,0.00,0,0,0.00,0.00,0.00,0,0,0.00,0.00,0,0
1453696558,eth1,0.00,0.00,0.00,0,0,0.00,0.00,0.00,0,0,0.00,0.00,0,0
1453696558,s2,0.00,0.00,0.00,0,0,0.00,0.00,0.00,0,0,0.00,0.00,0,0
1453696558,s1-eth2,68046.00,6039598.00,6107644.00,6039598,68046,1031.00,1031.00,2062.00,1031,1031,0.00,0.00,0,0
1453696558,s1-eth1,6039598.00,68046.00,6107644.00,68046,6039598,1031.00,1031.00,2062.00,1031,1031,0.00,0.00,0,0
1453696558,s3,0.00,0.00,0.00,0,0,0.00,0.00,0.00,0,0,0.00,0.00,0,0
1453696558,s2-eth2,68046.00,6039598.00,6107644.00,6039598,68046,1031.00,1031.00,2062.00,1031,1031,0.00,0.00,0,0
1453696558,s2-eth1,6039598.00,68046.00,6107644.00,68046,6039598,1031.00,1031.00,2062.00,1031,1031,0.00,0.00,0,0
1453696558,lo,344.00,344.00,688.00,344,344,6.00,6.00,12.00,6,6,0.00,0.00,0,0
1453696558,s3-eth2,68046.00,6039598.00,6107644.00,6039598,68046,1031.00,1031.00,2062.00,1031,1031,0.00,0.00,0,0
1453696558,s3-eth1,6039598.00,68046.00,6107644.00,68046,6039598,1031.00,1031.00,2062.00,1031,1031,0.00,0.00,0,0
1453696558,total,18323276.00,18323276.00,36646552.00,18323276,18323276,6192.00,6192.00,12384.00,6192,6192,0.00,0.00,0,0
1453696559,s5,0.00,0.00,0.00,0,0,0.00,0.00,0.00,0,0,0.00,0.00,0,0
1453696559,s1,0.00,0.00,0.00,0,0,0.00,0.00,0.00,0,0,0.00,0.00,0,0
1453696559,eth0,0.00,0.00,0.00,0,0,0.00,0.00,0.00,0,0,0.00,0.00,0,0
1453696559,eth1,0.00,0.00,0.00,0,0,0.00,0.00,0.00,0,0,0.00,0.00,0,0
1453696559,s2,0.00,0.00,0.00,0,0,0.00,0.00,0.00,0,0,0.00,0.00,0,0
1453696559,s1-eth2,68178.00,6051314.00,6119492.00,6051314,68178,1033.00,1033.00,2066.00,1033,1033,0.00,0.00,0,0
1453696559,s1-eth1,6051314.00,68112.00,6119426.00,68112,6051314,1033.00,1032.00,2065.00,1032,1033,0.00,0.00,0,0
1453696559,s3,0.00,0.00,0.00,0,0,0.00,0.00,0.00,0,0,0.00,0.00,0,0
1453696559,s2-eth2,68178.00,6051314.00,6119492.00,6051314,68178,1033.00,1033.00,2066.00,1033,1033,0.00,0.00,0,0
1453696559,s2-eth1,6051314.00,68178.00,6119492.00,68178,6051314,1033.00,1033.00,2066.00,1033,1033,0.00,0.00,0,0
1453696559,lo,172.00,172.00,344.00,172,172,3.00,3.00,6.00,3,3,0.00,0.00,0,0
1453696559,s3-eth2,68178.00,6051314.00,6119492.00,6051314,68178,1033.00,1033.00,2066.00,1033,1033,0.00,0.00,0,0
1453696559,s3-eth1,6051314.00,68178.00,6119492.00,68178,6051314,1033.00,1033.00,2066.00,1033,1033,0.00,0.00,0,0
1453696559,total,18358648.00,18358582.00,36717232.00,18358582,18358648,6201.00,6200.00,12401.00,6200,6201,0.00,0.00,0,0
1453696560,s5,0.00,0.00,0.00,0,0,0.00,0.00,0.00,0,0,0.00,0.00,0,0
1453696560,s1,0.00,0.00,0.00,0,0,0.00,0.00,0.00,0,0,0.00,0.00,0,0
1453696560,eth0,0.00,0.00,0.00,0,0,0.00,0.00,0.00,0,0,0.00,0.00,0,0
1453696560,eth1,0.00,0.00,0.00,0,0,0.00,0.00,0.00,0,0,0.00,0.00,0,0
1453696560,s2,0.00,0.00,0.00,0,0,0.00,0.00,0.00,0,0,0.00,0.00,0,0
1453696560,s1-eth2,68046.00,6039598.00,6107644.00,6039598,68046,1031.00,1031.00,2062.00,1031,1031,0.00,0.00,0,0
1453696560,s1-eth1,6039598.00,68112.00,6107710.00,68112,6039598,1031.00,1032.00,2063.00,1032,1031,0.00,0.00,0,0
1453696560,s3,0.00,0.00,0.00,0,0,0.00,0.00,0.00,0,0,0.00,0.00,0,0
1453696560,s2-eth2,68046.00,6039598.00,6107644.00,6039598,68046,1031.00,1031.00,2062.00,1031,1031,0.00,0.00,0,0
1453696560,s2-eth1,6039598.00,68046.00,6107644.00,68046,6039598,1031.00,1031.00,2062.00,1031,1031,0.00,0.00,0,0
1453696560,lo,0.00,0.00,0.00,0,0,0.00,0.00,0.00,0,0,0.00,0.00,0,0
1453696560,s3-eth2,68046.00,6039598.00,6107644.00,6039598,68046,1031.00,1031.00,2062.00,1031,1031,0.00,0.00,0,0
1453696560,s3-eth1,6039598.00,68046.00,6107644.00,68046,6039598,1031.00,1031.00,2062.00,1031,1031,0.00,0.00,0,0
1453696560,total,18322932.00,18322998.00,36645928.00,18322998,18322932,6186.00,6187.00,12373.00,6187,6186,0.00,0.00,0,0
1453696561,s5,0.00,0.00,0.00,0,0,0.00,0.00,0.00,0,0,0.00,0.00,0,0
1453696561,s1,0.00,0.00,0.00,0,0,0.00,0.00,0.00,0,0,0.00,0.00,0,0
1453696561,eth0,0.00,0.00,0.00,0,0,0.00,0.00,0.00,0,0,0.00,0.00,0,0
1453696561,eth1,0.00,0.00,0.00,0,0,0.00,0.00,0.00,0,0,0.00,0.00,0,0
1453696561,s2,0.00,0.00,0.00,0,0,0.00,0.00,0.00,0,0,0.00,0.00,0,0
1453696561,s1-eth2,68178.00,6045456.00,6113634.00,6045456,68178,1033.00,1032.00,2065.00,1032,1033,0.00,0.00,0,0
1453696561,s1-eth1,6045798.00,68112.00,6113910.00,68112,6045798,1033.00,1032.00,2065.00,1032,1033,0.00,0.00,0,0
1453696561,s3,0.00,0.00,0.00,0,0,0.00,0.00,0.00,0,0,0.00,0.00,0,0
1453696561,s2-eth2,68112.00,6045456.00,6113568.00,6045456,68112,1032.00,1032.00,2064.00,1032,1032,0.00,0.00,0,0
1453696561,s2-eth1,6045456.00,68178.00,6113634.00,68178,6045456,1032.00,1033.00,2065.00,1033,1032,0.00,0.00,0,0
1453696561,lo,0.00,0.00,0.00,0,0,0.00,0.00,0.00,0,0,0.00,0.00,0,0
1453696561,s3-eth2,68178.00,6045456.00,6113634.00,6045456,68178,1033.00,1032.00,2065.00,1032,1033,0.00,0.00,0,0
1453696561,s3-eth1,6045456.00,68112.00,6113568.00,68112,6045456,1032.00,1032.00,2064.00,1032,1032,0.00,0.00,0,0
1453696561,total,18341178.00,18340770.00,36681948.00,18340770,18341178,6195.00,6193.00,12388.00,6193,6195,0.00,0.00,0,0
1453696562,s5,0.00,0.00,0.00,0,0,0.00,0.00,0.00,0,0,0.00,0.00,0,0
1453696562,s1,0.00,0.00,0.00,0,0,0.00,0.00,0.00,0,0,0.00,0.00,0,0
1453696562,eth0,0.00,0.00,0.00,0,0,0.00,0.00,0.00,0,0,0.00,0.00,0,0
1453696562,eth1,0.00,0.00,0.00,0,0,0.00,0.00,0.00,0,0,0.00,0.00,0,0
1453696562,s2,0.00,0.00,0.00,0,0,0.00,0.00,0.00,0,0,0.00,0.00,0,0
1453696562,s1-eth2,68046.00,6045456.00,6113502.00,6045456,68046,1031.00,1032.00,2063.00,1032,1031,0.00,0.00,0,0
1453696562,s1-eth1,6045456.00,68046.00,6113502.00,68046,6045456,1032.00,1031.00,2063.00,1031,1032,0.00,0.00,0,0
1453696562,s3,0.00,0.00,0.00,0,0,0.00,0.00,0.00,0,0,0.00,0.00,0,0
1453696562,s2-eth2,68046.00,6045456.00,6113502.00,6045456,68046,1031.00,1032.00,2063.00,1032,1031,0.00,0.00,0,0
1453696562,s2-eth1,6045456.00,68046.00,6113502.00,68046,6045456,1032.00,1031.00,2063.00,1031,1032,0.00,0.00,0,0
1453696562,lo,172.00,172.00,344.00,172,172,3.00,3.00,6.00,3,3,0.00,0.00,0,0
1453696562,s3-eth2,68046.00,6045456.00,6113502.00,6045456,68046,1031.00,1032.00,2063.00,1032,1031,0.00,0.00,0,0
1453696562,s3-eth1,6045456.00,68046.00,6113502.00,68046,6045456,1032.00,1031.00,2063.00,1031,1032,0.00,0.00,0,0
1453696562,total,18340678.00,18340678.00,36681356.00,18340678,18340678,6192.00,6192.00,12384.00,6192,6192,0.00,0.00,0,0
1453696563,s5,0.00,0.00,0.00,0,0,0.00,0.00,0.00,0,0,0.00,0.00,0,0
1453696563,s1,0.00,107.00,107.00,107,0,0.00,1.00,1.00,1,0,0.00,0.00,0,0
1453696563,eth0,0.00,0.00,0.00,0,0,0.00,0.00,0.00,0,0,0.00,0.00,0,0
1453696563,eth1,0.00,0.00,0.00,0,0,0.00,0.00,0.00,0,0,0.00,0.00,0,0
1453696563,s2,0.00,342.00,342.00,342,0,0.00,1.00,1.00,1,0,0.00,0.00,0,0
1453696563,s1-eth2,68454.00,6039705.00,6108159.00,6039705,68454,1033.00,1032.00,2065.00,1032,1033,0.00,0.00,0,0
1453696563,s1-eth1,6039812.00,68112.00,6107924.00,68112,6039812,1033.00,1032.00,2065.00,1032,1033,0.00,0.00,0,0
1453696563,s3,0.00,449.00,449.00,449,0,0.00,2.00,2.00,2,0,0.00,0.00,0,0
1453696563,s2-eth2,68561.00,6039598.00,6108159.00,6039598,68561,1034.00,1031.00,2065.00,1031,1034,0.00,0.00,0,0
1453696563,s2-eth1,6039705.00,68454.00,6108159.00,68454,6039705,1032.00,1033.00,2065.00,1033,1032,0.00,0.00,0,0
1453696563,lo,1434.00,1434.00,2868.00,1434,1434,15.00,15.00,30.00,15,15,0.00,0.00,0,0
1453696563,s3-eth2,69010.00,6039598.00,6108608.00,6039598,69010,1036.00,1031.00,2067.00,1031,1036,0.00,0.00,0,0
1453696563,s3-eth1,6039598.00,68561.00,6108159.00,68561,6039598,1031.00,1034.00,2065.00,1034,1031,0.00,0.00,0,0
1453696563,total,18326574.00,18326360.00,36652936.00,18326360,18326574,6214.00,6212.00,12426.00,6212,6214,0.00,0.00,0,0
1453696564,s5,0.00,0.00,0.00,0,0,0.00,0.00,0.00,0,0,0.00,0.00,0,0
1453696564,s1,0.00,449.00,449.00,449,0,0.00,2.00,2.00,2,0,0.00,0.00,0,0
1453696564,eth0,0.00,0.00,0.00,0,0,0.00,0.00,0.00,0,0,0.00,0.00,0,0
1453696564,eth1,0.00,0.00,0.00,0,0,0.00,0.00,0.00,0,0,0.00,0.00,0,0
1453696564,s2,0.00,214.00,214.00,214,0,0.00,2.00,2.00,2,0,0.00,0.00,0,0
1453696564,s1-eth2,68153.00,6045905.00,6114058.00,6045905,68153,1032.00,1034.00,2066.00,1034,1032,0.00,0.00,0,0
1453696564,s1-eth1,6045905.00,68046.00,6113951.00,68046,6045905,1034.00,1031.00,2065.00,1031,1034,0.00,0.00,0,0
1453696564,s3,0.00,107.00,107.00,107,0,0.00,1.00,1.00,1,0,0.00,0.00,0,0
1453696564,s2-eth2,68153.00,6045563.00,6113716.00,6045563,68153,1032.00,1033.00,2065.00,1033,1032,0.00,0.00,0,0
1453696564,s2-eth1,6045905.00,68153.00,6114058.00,68153,6045905,1034.00,1032.00,2066.00,1032,1034,0.00,0.00,0,0
1453696564,lo,1546.00,1546.00,3092.00,1546,1546,15.00,15.00,30.00,15,15,0.00,0.00,0,0
1453696564,s3-eth2,68153.00,6045456.00,6113609.00,6045456,68153,1032.00,1032.00,2064.00,1032,1032,0.00,0.00,0,0
1453696564,s3-eth1,6045563.00,68153.00,6113716.00,68153,6045563,1033.00,1032.00,2065.00,1032,1033,0.00,0.00,0,0
1453696564,total,18343378.00,18343592.00,36686968.00,18343592,18343378,6212.00,6214.00,12426.00,6214,6212,0.00,0.00,0,0
1453696565,s5,0.00,0.00,0.00,0,0,0.00,0.00,0.00,0,0,0.00,0.00,0,0
1453696565,s1,0.00,0.00,0.00,0,0,0.00,0.00,0.00,0,0,0.00,0.00,0,0
1453696565,eth0,0.00,0.00,0.00,0,0,0.00,0.00,0.00,0,0,0.00,0.00,0,0
1453696565,eth1,0.00,0.00,0.00,0,0,0.00,0.00,0.00,0,0,0.00,0.00,0,0
1453696565,s2,0.00,0.00,0.00,0,0,0.00,0.00,0.00,0,0,0.00,0.00,0,0
1453696565,s1-eth2,68112.00,6045456.00,6113568.00,6045456,68112,1032.00,1032.00,2064.00,1032,1032,0.00,0.00,0,0
1453696565,s1-eth1,6045456.00,68178.00,6113634.00,68178,6045456,1032.00,1033.00,2065.00,1033,1032,0.00,0.00,0,0
1453696565,s3,0.00,0.00,0.00,0,0,0.00,0.00,0.00,0,0,0.00,0.00,0,0
1453696565,s2-eth2,68178.00,6045456.00,6113634.00,6045456,68178,1033.00,1032.00,2065.00,1032,1033,0.00,0.00,0,0
1453696565,s2-eth1,6045456.00,68112.00,6113568.00,68112,6045456,1032.00,1032.00,2064.00,1032,1032,0.00,0.00,0,0
1453696565,lo,0.00,0.00,0.00,0,0,0.00,0.00,0.00,0,0,0.00,0.00,0,0
1453696565,s3-eth2,68112.00,6045456.00,6113568.00,6045456,68112,1032.00,1032.00,2064.00,1032,1032,0.00,0.00,0,0
1453696565,s3-eth1,6045456.00,68178.00,6113634.00,68178,6045456,1032.00,1033.00,2065.00,1033,1032,0.00,0.00,0,0
1453696565,total,18340770.00,18340836.00,36681608.00,18340836,18340770,6193.00,6194.00,12387.00,6194,6193,0.00,0.00,0,0
1453696566,s5,0.00,0.00,0.00,0,0,0.00,0.00,0.00,0,0,0.00,0.00,0,0
1453696566,s1,0.00,0.00,0.00,0,0,0.00,0.00,0.00,0,0,0.00,0.00,0,0
1453696566,eth0,0.00,0.00,0.00,0,0,0.00,0.00,0.00,0,0,0.00,0.00,0,0
1453696566,eth1,0.00,0.00,0.00,0,0,0.00,0.00,0.00,0,0,0.00,0.00,0,0
1453696566,s2,0.00,0.00,0.00,0,0,0.00,0.00,0.00,0,0,0.00,0.00,0,0
1453696566,s1-eth2,68112.00,6045456.00,6113568.00,6045456,68112,1032.00,1032.00,2064.00,1032,1032,0.00,0.00,0,0
1453696566,s1-eth1,6045456.00,68046.00,6113502.00,68046,6045456,1032.00,1031.00,2063.00,1031,1032,0.00,0.00,0,0
1453696566,s3,0.00,0.00,0.00,0,0,0.00,0.00,0.00,0,0,0.00,0.00,0,0
1453696566,s2-eth2,68046.00,6045456.00,6113502.00,6045456,68046,1031.00,1032.00,2063.00,1032,1031,0.00,0.00,0,0
1453696566,s2-eth1,6045456.00,68112.00,6113568.00,68112,6045456,1032.00,1032.00,2064.00,1032,1032,0.00,0.00,0,0
1453696566,lo,0.00,0.00,0.00,0,0,0.00,0.00,0.00,0,0,0.00,0.00,0,0
1453696566,s3-eth2,68112.00,6045456.00,6113568.00,6045456,68112,1032.00,1032.00,2064.00,1032,1032,0.00,0.00,0,0
1453696566,s3-eth1,6045456.00,68046.00,6113502.00,68046,6045456,1032.00,1031.00,2063.00,1031,1032,0.00,0.00,0,0
1453696566,total,18340638.00,18340572.00,36681208.00,18340572,18340638,6191.00,6190.00,12381.00,6190,6191,0.00,0.00,0,0
1453696567,s5,0.00,0.00,0.00,0,0,0.00,0.00,0.00,0,0,0.00,0.00,0,0
1453696567,s1,0.00,0.00,0.00,0,0,0.00,0.00,0.00,0,0,0.00,0.00,0,0
1453696567,eth0,0.00,0.00,0.00,0,0,0.00,0.00,0.00,0,0,0.00,0.00,0,0
1453696567,eth1,0.00,0.00,0.00,0,0,0.00,0.00,0.00,0,0,0.00,0.00,0,0
1453696567,s2,0.00,0.00,0.00,0,0,0.00,0.00,0.00,0,0,0.00,0.00,0,0
1453696567,s1-eth2,68112.00,6045456.00,6113568.00,6045456,68112,1032.00,1032.00,2064.00,1032,1032,0.00,0.00,0,0
1453696567,s1-eth1,6045456.00,68178.00,6113634.00,68178,6045456,1032.00,1033.00,2065.00,1033,1032,0.00,0.00,0,0
1453696567,s3,0.00,0.00,0.00,0,0,0.00,0.00,0.00,0,0,0.00,0.00,0,0
1453696567,s2-eth2,68178.00,6045456.00,6113634.00,6045456,68178,1033.00,1032.00,2065.00,1032,1033,0.00,0.00,0,0
1453696567,s2-eth1,6045456.00,68112.00,6113568.00,68112,6045456,1032.00,1032.00,2064.00,1032,1032,0.00,0.00,0,0
1453696567,lo,172.00,172.00,344.00,172,172,3.00,3.00,6.00,3,3,0.00,0.00,0,0
1453696567,s3-eth2,68112.00,6045456.00,6113568.00,6045456,68112,1032.00,1032.00,2064.00,1032,1032,0.00,0.00,0,0
1453696567,s3-eth1,6045456.00,68178.00,6113634.00,68178,6045456,1032.00,1033.00,2065.00,1033,1032,0.00,0.00,0,0
1453696567,total,18340942.00,18341008.00,36681952.00,18341008,18340942,6196.00,6197.00,12393.00,6197,6196,0.00,0.00,0,0
1453696568,s5,0.00,0.00,0.00,0,0,0.00,0.00,0.00,0,0,0.00,0.00,0,0
1453696568,s1,0.00,0.00,0.00,0,0,0.00,0.00,0.00,0,0,0.00,0.00,0,0
1453696568,eth0,0.00,0.00,0.00,0,0,0.00,0.00,0.00,0,0,0.00,0.00,0,0
1453696568,eth1,0.00,0.00,0.00,0,0,0.00,0.00,0.00,0,0,0.00,0.00,0,0
1453696568,s2,0.00,0.00,0.00,0,0,0.00,0.00,0.00,0,0,0.00,0.00,0,0
1453696568,s1-eth2,68046.00,6039598.00,6107644.00,6039598,68046,1031.00,1031.00,2062.00,1031,1031,0.00,0.00,0,0
1453696568,s1-eth1,6039598.00,68046.00,6107644.00,68046,6039598,1031.00,1031.00,2062.00,1031,1031,0.00,0.00,0,0
1453696568,s3,0.00,342.00,342.00,342,0,0.00,1.00,1.00,1,0,0.00,0.00,0,0
1453696568,s2-eth2,68388.00,6039598.00,6107986.00,6039598,68388,1032.00,1031.00,2063.00,1031,1032,0.00,0.00,0,0
1453696568,s2-eth1,6039598.00,68112.00,6107710.00,68112,6039598,1031.00,1032.00,2063.00,1032,1031,0.00,0.00,0,0
1453696568,lo,842.00,842.00,1684.00,842,842,12.00,12.00,24.00,12,12,0.00,0.00,0,0
1453696568,s3-eth2,68454.00,6039598.00,6108052.00,6039598,68454,1033.00,1031.00,2064.00,1031,1033,0.00,0.00,0,0
1453696568,s3-eth1,6039598.00,68388.00,6107986.00,68388,6039598,1031.00,1032.00,2063.00,1032,1031,0.00,0.00,0,0
1453696568,total,18324524.00,18324524.00,36649048.00,18324524,18324524,6201.00,6201.00,12402.00,6201,6201,0.00,0.00,0,0
1453696569,s5,0.00,0.00,0.00,0,0,0.00,0.00,0.00,0,0,0.00,0.00,0,0
1453696569,s1,0.00,0.00,0.00,0,0,0.00,0.00,0.00,0,0,0.00,0.00,0,0
1453696569,eth0,0.00,0.00,0.00,0,0,0.00,0.00,0.00,0,0,0.00,0.00,0,0
1453696569,eth1,0.00,0.00,0.00,0,0,0.00,0.00,0.00,0,0,0.00,0.00,0,0
1453696569,s2,0.00,0.00,0.00,0,0,0.00,0.00,0.00,0,0,0.00,0.00,0,0
1453696569,s1-eth2,68178.00,6051314.00,6119492.00,6051314,68178,1033.00,1033.00,2066.00,1033,1033,0.00,0.00,0,0
1453696569,s1-eth1,6051314.00,68112.00,6119426.00,68112,6051314,1033.00,1032.00,2065.00,1032,1033,0.00,0.00,0,0
1453696569,s3,0.00,0.00,0.00,0,0,0.00,0.00,0.00,0,0,0.00,0.00,0,0
1453696569,s2-eth2,68178.00,6051314.00,6119492.00,6051314,68178,1033.00,1033.00,2066.00,1033,1033,0.00,0.00,0,0
1453696569,s2-eth1,6051314.00,68112.00,6119426.00,68112,6051314,1033.00,1032.00,2065.00,1032,1033,0.00,0.00,0,0
1453696569,lo,0.00,0.00,0.00,0,0,0.00,0.00,0.00,0,0,0.00,0.00,0,0
1453696569,s3-eth2,68112.00,6051314.00,6119426.00,6051314,68112,1032.00,1033.00,2065.00,1033,1032,0.00,0.00,0,0
1453696569,s3-eth1,6051314.00,68178.00,6119492.00,68178,6051314,1033.00,1033.00,2066.00,1033,1033,0.00,0.00,0,0
1453696569,total,18358410.00,18358344.00,36716752.00,18358344,18358410,6197.00,6196.00,12393.00,6196,6197,0.00,0.00,0,0
1453696570,s5,0.00,0.00,0.00,0,0,0.00,0.00,0.00,0,0,0.00,0.00,0,0
1453696570,s1,0.00,342.00,342.00,342,0,0.00,1.00,1.00,1,0,0.00,0.00,0,0
1453696570,eth0,0.00,0.00,0.00,0,0,0.00,0.00,0.00,0,0,0.00,0.00,0,0
1453696570,eth1,0.00,0.00,0.00,0,0,0.00,0.00,0.00,0,0,0.00,0.00,0,0
1453696570,s2,0.00,342.00,342.00,342,0,0.00,1.00,1.00,1,0,0.00,0.00,0,0
1453696570,s1-eth2,68178.00,6045220.00,6113398.00,6045220,68178,1033.00,1112.00,2145.00,1112,1033,0.00,0.00,0,0
1453696570,s1-eth1,6044362.00,68244.00,6112606.00,68244,6044362,1099.00,1034.00,2133.00,1034,1099,0.00,0.00,0,0
1453696570,s3,0.00,0.00,0.00,0,0,0.00,0.00,0.00,0,0,0.00,0.00,0,0
1453696570,s2-eth2,68178.00,6046078.00,6114256.00,6046078,68178,1033.00,1125.00,2158.00,1125,1033,0.00,0.00,0,0
1453696570,s2-eth1,6045220.00,68178.00,6113398.00,68178,6045220,1112.00,1033.00,2145.00,1033,1112,0.00,0.00,0,0
1453696570,lo,652.00,652.00,1304.00,652,652,6.00,6.00,12.00,6,6,0.00,0.00,0,0
1453696570,s3-eth2,68244.00,6046462.00,6114706.00,6046462,68244,1034.00,1135.00,2169.00,1135,1034,0.00,0.00,0,0
1453696570,s3-eth1,6046078.00,68178.00,6114256.00,68178,6046078,1125.00,1033.00,2158.00,1033,1125,0.00,0.00,0,0
1453696570,total,18340912.00,18343696.00,36684608.00,18343696,18340912,6442.00,6480.00,12922.00,6480,6442,0.00,0.00,0,0
1453696571,s5,0.00,0.00,0.00,0,0,0.00,0.00,0.00,0,0,0.00,0.00,0,0
1453696571,s1,0.00,0.00,0.00,0,0,0.00,0.00,0.00,0,0,0.00,0.00,0,0
1453696571,eth0,0.00,0.00,0.00,0,0,0.00,0.00,0.00,0,0,0.00,0.00,0,0
1453696571,eth1,0.00,0.00,0.00,0,0,0.00,0.00,0.00,0,0,0.00,0.00,0,0
1453696571,s2,0.00,0.00,0.00,0,0,0.00,0.00,0.00,0,0,0.00,0.00,0,0
1453696571,s1-eth2,73128.00,6062938.00,6136066.00,6062938,73128,1108.00,1253.00,2361.00,1253,1108,0.00,0.00,0,0
1453696571,s1-eth1,6062084.00,73260.00,6135344.00,73260,6062084,1262.00,1110.00,2372.00,1110,1262,0.00,0.00,0,0
1453696571,s3,0.00,0.00,0.00,0,0,0.00,0.00,0.00,0,0,0.00,0.00,0,0
1453696571,s2-eth2,72864.00,6062344.00,6135208.00,6062344,72864,1104.00,1244.00,2348.00,1244,1104,0.00,0.00,0,0
1453696571,s2-eth1,6062938.00,73128.00,6136066.00,73128,6062938,1253.00,1108.00,2361.00,1108,1253,0.00,0.00,0,0
1453696571,lo,0.00,0.00,0.00,0,0,0.00,0.00,0.00,0,0,0.00,0.00,0,0
1453696571,s3-eth2,72600.00,6063330.00,6135930.00,6063330,72600,1100.00,1237.00,2337.00,1237,1100,0.00,0.00,0,0
1453696571,s3-eth1,6062344.00,72864.00,6135208.00,72864,6062344,1244.00,1104.00,2348.00,1104,1244,0.00,0.00,0,0
1453696571,total,18405958.00,18407864.00,36813824.00,18407864,18405958,7071.00,7056.00,14127.00,7056,7071,0.00,0.00,0,0
1453696572,s5,0.00,0.00,0.00,0,0,0.00,0.00,0.00,0,0,0.00,0.00,0,0
1453696572,s1,0.00,0.00,0.00,0,0,0.00,0.00,0.00,0,0,0.00,0.00,0,0
1453696572,eth0,0.00,0.00,0.00,0,0,0.00,0.00,0.00,0,0,0.00,0.00,0,0
1453696572,eth1,0.00,0.00,0.00,0,0,0.00,0.00,0.00,0,0,0.00,0.00,0,0
1453696572,s2,0.00,0.00,0.00,0,0,0.00,0.00,0.00,0,0,0.00,0.00,0,0
1453696572,s1-eth2,74580.00,6051264.00,6125844.00,6051264,74580,1130.00,1120.00,2250.00,1120,1130,0.00,0.00,0,0
1453696572,s1-eth1,6052976.00,74448.00,6127424.00,74448,6052976,1124.00,1128.00,2252.00,1128,1124,0.00,0.00,0,0
1453696572,s3,0.00,0.00,0.00,0,0,0.00,0.00,0.00,0,0,0.00,0.00,0,0
1453696572,s2-eth2,74844.00,6051000.00,6125844.00,6051000,74844,1134.00,1116.00,2250.00,1116,1134,0.00,0.00,0,0
1453696572,s2-eth1,6051264.00,74580.00,6125844.00,74580,6051264,1120.00,1130.00,2250.00,1130,1120,0.00,0.00,0,0
1453696572,lo,172.00,172.00,344.00,172,172,3.00,3.00,6.00,3,3,0.00,0.00,0,0
1453696572,s3-eth2,75042.00,6049288.00,6124330.00,6049288,75042,1137.00,1112.00,2249.00,1112,1137,0.00,0.00,0,0
1453696572,s3-eth1,6051000.00,74844.00,6125844.00,74844,6051000,1116.00,1134.00,2250.00,1134,1116,0.00,0.00,0,0
1453696572,total,18379878.00,18375596.00,36755472.00,18375596,18379878,6764.00,6743.00,13507.00,6743,6764,0.00,0.00,0,0
1453696573,s5,0.00,0.00,0.00,0,0,0.00,0.00,0.00,0,0,0.00,0.00,0,0
1453696573,s1,0.00,0.00,0.00,0,0,0.00,0.00,0.00,0,0,0.00,0.00,0,0
1453696573,eth0,0.00,0.00,0.00,0,0,0.00,0.00,0.00,0,0,0.00,0.00,0,0
1453696573,eth1,0.00,0.00,0.00,0,0,0.00,0.00,0.00,0,0,0.00,0.00,0,0
1453696573,s2,0.00,0.00,0.00,0,0,0.00,0.00,0.00,0,0,0.00,0.00,0,0
1453696573,s1-eth2,68178.00,6045456.00,6113634.00,6045456,68178,1033.00,1032.00,2065.00,1032,1033,0.00,0.00,0,0
1453696573,s1-eth1,6051314.00,68112.00,6119426.00,68112,6051314,1033.00,1032.00,2065.00,1032,1033,0.00,0.00,0,0
1453696573,s3,0.00,0.00,0.00,0,0,0.00,0.00,0.00,0,0,0.00,0.00,0,0
1453696573,s2-eth2,68112.00,6051314.00,6119426.00,6051314,68112,1032.00,1033.00,2065.00,1033,1032,0.00,0.00,0,0
1453696573,s2-eth1,6051314.00,68178.00,6119492.00,68178,6051314,1033.00,1033.00,2066.00,1033,1033,0.00,0.00,0,0
1453696573,lo,172.00,172.00,344.00,172,172,3.00,3.00,6.00,3,3,0.00,0.00,0,0
1453696573,s3-eth2,68178.00,6051314.00,6119492.00,6051314,68178,1033.00,1033.00,2066.00,1033,1033,0.00,0.00,0,0
1453696573,s3-eth1,6051314.00,68112.00,6119426.00,68112,6051314,1033.00,1032.00,2065.00,1032,1033,0.00,0.00,0,0
1453696573,total,18358582.00,18352658.00,36711240.00,18352658,18358582,6200.00,6198.00,12398.00,6198,6200,0.00,0.00,0,0
1453696574,s5,0.00,0.00,0.00,0,0,0.00,0.00,0.00,0,0,0.00,0.00,0,0
1453696574,s1,0.00,0.00,0.00,0,0,0.00,0.00,0.00,0,0,0.00,0.00,0,0
1453696574,eth0,0.00,0.00,0.00,0,0,0.00,0.00,0.00,0,0,0.00,0.00,0,0
1453696574,eth1,0.00,0.00,0.00,0,0,0.00,0.00,0.00,0,0,0.00,0.00,0,0
1453696574,s2,0.00,0.00,0.00,0,0,0.00,0.00,0.00,0,0,0.00,0.00,0,0
1453696574,s1-eth2,68088.00,6045456.00,6113544.00,6045456,68088,1032.00,1032.00,2064.00,1032,1032,0.00,0.00,0,0
1453696574,s1-eth1,6039598.00,68154.00,6107752.00,68154,6039598,1031.00,1033.00,2064.00,1033,1031,0.00,0.00,0,0
1453696574,s3,0.00,0.00,0.00,0,0,0.00,0.00,0.00,0,0,0.00,0.00,0,0
1453696574,s2-eth2,68154.00,6039598.00,6107752.00,6039598,68154,1033.00,1031.00,2064.00,1031,1033,0.00,0.00,0,0
1453696574,s2-eth1,6039598.00,68088.00,6107686.00,68088,6039598,1031.00,1032.00,2063.00,1032,1031,0.00,0.00,0,0
1453696574,lo,888.00,888.00,1776.00,888,888,9.00,9.00,18.00,9,9,0.00,0.00,0,0
1453696574,s3-eth2,68430.00,6039598.00,6108028.00,6039598,68430,1033.00,1031.00,2064.00,1031,1033,0.00,0.00,0,0
1453696574,s3-eth1,6039598.00,68154.00,6107752.00,68154,6039598,1031.00,1033.00,2064.00,1033,1031,0.00,0.00,0,0
1453696574,total,18324354.00,18329936.00,36654288.00,18329936,18324354,6200.00,6201.00,12401.00,6201,6200,0.00,0.00,0,0
1453696575,s5,0.00,0.00,0.00,0,0,0.00,0.00,0.00,0,0,0.00,0.00,0,0
1453696575,s1,0.00,0.00,0.00,0,0,0.00,0.00,0.00,0,0,0.00,0.00,0,0
1453696575,eth0,0.00,288.00,288.00,288,0,0.00,1.00,1.00,1,0,0.00,0.00,0,0
1453696575,eth1,0.00,288.00,288.00,288,0,0.00,1.00,1.00,1,0,0.00,0.00,0,0
1453696575,s2,0.00,0.00,0.00,0,0,0.00,0.00,0.00,0,0,0.00,0.00,0,0
1453696575,s1-eth2,68112.00,6045498.00,6113610.00,6045498,68112,1032.00,1033.00,2065.00,1033,1032,0.00,0.00,0,0
1453696575,s1-eth1,6045498.00,68112.00,6113610.00,68112,6045498,1033.00,1032.00,2065.00,1032,1033,0.00,0.00,0,0
1453696575,s3,0.00,0.00,0.00,0,0,0.00,0.00,0.00,0,0,0.00,0.00,0,0
1453696575,s2-eth2,68112.00,6045498.00,6113610.00,6045498,68112,1032.00,1033.00,2065.00,1033,1032,0.00,0.00,0,0
1453696575,s2-eth1,6045498.00,68178.00,6113676.00,68178,6045498,1033.00,1033.00,2066.00,1033,1033,0.00,0.00,0,0
1453696575,lo,0.00,0.00,0.00,0,0,0.00,0.00,0.00,0,0,0.00,0.00,0,0
1453696575,s3-eth2,68178.00,6045498.00,6113676.00,6045498,68178,1033.00,1033.00,2066.00,1033,1033,0.00,0.00,0,0
1453696575,s3-eth1,6045498.00,68112.00,6113610.00,68112,6045498,1033.00,1032.00,2065.00,1032,1033,0.00,0.00,0,0
1453696575,total,18340896.00,18341472.00,36682368.00,18341472,18340896,6196.00,6198.00,12394.00,6198,6196,0.00,0.00,0,0
1453696576,s5,0.00,0.00,0.00,0,0,0.00,0.00,0.00,0,0,0.00,0.00,0,0
1453696576,s1,0.00,0.00,0.00,0,0,0.00,0.00,0.00,0,0,0.00,0.00,0,0
1453696576,eth0,0.00,0.00,0.00,0,0,0.00,0.00,0.00,0,0,0.00,0.00,0,0
1453696576,eth1,0.00,0.00,0.00,0,0,0.00,0.00,0.00,0,0,0.00,0.00,0,0
1453696576,s2,0.00,0.00,0.00,0,0,0.00,0.00,0.00,0,0,0.00,0.00,0,0
1453696576,s1-eth2,68112.00,6045456.00,6113568.00,6045456,68112,1032.00,1032.00,2064.00,1032,1032,0.00,0.00,0,0
1453696576,s1-eth1,6045456.00,68046.00,6113502.00,68046,6045456,1032.00,1031.00,2063.00,1031,1032,0.00,0.00,0,0
1453696576,s3,0.00,0.00,0.00,0,0,0.00,0.00,0.00,0,0,0.00,0.00,0,0
1453696576,s2-eth2,68046.00,6045456.00,6113502.00,6045456,68046,1031.00,1032.00,2063.00,1032,1031,0.00,0.00,0,0
1453696576,s2-eth1,6045456.00,68046.00,6113502.00,68046,6045456,1032.00,1031.00,2063.00,1031,1032,0.00,0.00,0,0
1453696576,lo,0.00,0.00,0.00,0,0,0.00,0.00,0.00,0,0,0.00,0.00,0,0
1453696576,s3-eth2,68046.00,6045456.00,6113502.00,6045456,68046,1031.00,1032.00,2063.00,1032,1031,0.00,0.00,0,0
1453696576,s3-eth1,6045456.00,68112.00,6113568.00,68112,6045456,1032.00,1032.00,2064.00,1032,1032,0.00,0.00,0,0
1453696576,total,18340572.00,18340572.00,36681144.00,18340572,18340572,6190.00,6190.00,12380.00,6190,6190,0.00,0.00,0,0
1453696577,s5,0.00,0.00,0.00,0,0,0.00,0.00,0.00,0,0,0.00,0.00,0,0
1453696577,s1,0.00,0.00,0.00,0,0,0.00,0.00,0.00,0,0,0.00,0.00,0,0
1453696577,eth0,0.00,0.00,0.00,0,0,0.00,0.00,0.00,0,0,0.00,0.00,0,0
1453696577,eth1,0.00,0.00,0.00,0,0,0.00,0.00,0.00,0,0,0.00,0.00,0,0
1453696577,s2,0.00,0.00,0.00,0,0,0.00,0.00,0.00,0,0,0.00,0.00,0,0
1453696577,s1-eth2,68112.00,6045456.00,6113568.00,6045456,68112,1032.00,1032.00,2064.00,1032,1032,0.00,0.00,0,0
1453696577,s1-eth1,6045456.00,68178.00,6113634.00,68178,6045456,1032.00,1033.00,2065.00,1033,1032,0.00,0.00,0,0
1453696577,s3,0.00,0.00,0.00,0,0,0.00,0.00,0.00,0,0,0.00,0.00,0,0
1453696577,s2-eth2,68178.00,6045456.00,6113634.00,6045456,68178,1033.00,1032.00,2065.00,1032,1033,0.00,0.00,0,0
1453696577,s2-eth1,6045456.00,68112.00,6113568.00,68112,6045456,1032.00,1032.00,2064.00,1032,1032,0.00,0.00,0,0
1453696577,lo,172.00,172.00,344.00,172,172,3.00,3.00,6.00,3,3,0.00,0.00,0,0
1453696577,s3-eth2,68178.00,6045456.00,6113634.00,6045456,68178,1033.00,1032.00,2065.00,1032,1033,0.00,0.00,0,0
1453696577,s3-eth1,6045456.00,68112.00,6113568.00,68112,6045456,1032.00,1032.00,2064.00,1032,1032,0.00,0.00,0,0
1453696577,total,18341008.00,18340942.00,36681952.00,18340942,18341008,6197.00,6196.00,12393.00,6196,6197,0.00,0.00,0,0
1453696578,s5,0.00,0.00,0.00,0,0,0.00,0.00,0.00,0,0,0.00,0.00,0,0
1453696578,s1,0.00,0.00,0.00,0,0,0.00,0.00,0.00,0,0,0.00,0.00,0,0
1453696578,eth0,0.00,0.00,0.00,0,0,0.00,0.00,0.00,0,0,0.00,0.00,0,0
1453696578,eth1,0.00,0.00,0.00,0,0,0.00,0.00,0.00,0,0,0.00,0.00,0,0
1453696578,s2,0.00,0.00,0.00,0,0,0.00,0.00,0.00,0,0,0.00,0.00,0,0
1453696578,s1-eth2,70422.00,6047650.00,6118072.00,6047650,70422,1067.00,1153.00,2220.00,1153,1067,0.00,0.00,0,0
1453696578,s1-eth1,6047452.00,70356.00,6117808.00,70356,6047452,1150.00,1066.00,2216.00,1066,1150,0.00,0.00,0,0
1453696578,s3,0.00,0.00,0.00,0,0,0.00,0.00,0.00,0,0,0.00,0.00,0,0
1453696578,s2-eth2,70356.00,6047848.00,6118204.00,6047848,70356,1066.00,1156.00,2222.00,1156,1066,0.00,0.00,0,0
1453696578,s2-eth1,6047650.00,70422.00,6118072.00,70422,6047650,1153.00,1067.00,2220.00,1067,1153,0.00,0.00,0,0
1453696578,lo,0.00,0.00,0.00,0,0,0.00,0.00,0.00,0,0,0.00,0.00,0,0
1453696578,s3-eth2,70356.00,6048112.00,6118468.00,6048112,70356,1066.00,1160.00,2226.00,1160,1066,0.00,0.00,0,0
1453696578,s3-eth1,6047848.00,70356.00,6118204.00,70356,6047848,1156.00,1066.00,2222.00,1066,1156,0.00,0.00,0,0
1453696578,total,18354084.00,18354744.00,36708828.00,18354744,18354084,6658.00,6668.00,13326.00,6668,6658,0.00,0.00,0,0
1453696579,s5,0.00,0.00,0.00,0,0,0.00,0.00,0.00,0,0,0.00,0.00,0,0
1453696579,s1,0.00,1124.00,1124.00,1124,0,0.00,6.00,6.00,6,0,0.00,0.00,0,0
1453696579,eth0,668.00,1640.00,2308.00,1640,668,9.00,9.00,18.00,9,9,0.00,0.00,0,0
1453696579,eth1,76.00,0.00,76.00,0,76,1.00,0.00,1.00,0,1,0.00,0.00,0,0
1453696579,s2,0.00,1202.00,1202.00,1202,0,0.00,7.00,7.00,7,0,0.00,0.00,0,0
1453696579,s1-eth2,68224.00,5639518.00,5707742.00,5639518,68224,1028.00,1167.00,2195.00,1167,1028,0.00,0.00,0,0
1453696579,s1-eth1,5642976.00,67848.00,5710824.00,67848,5642976,1170.00,1028.00,2198.00,1028,1170,0.00,0.00,0,0
1453696579,s3,0.00,1092.00,1092.00,1092,0,0.00,6.00,6.00,6,0,0.00,0.00,0,0
1453696579,s2-eth2,68478.00,5630202.00,5698680.00,5630202,68478,1027.00,1163.00,2190.00,1163,1027,0.00,0.00,0,0
1453696579,s2-eth1,5639518.00,68224.00,5707742.00,68224,5639518,1167.00,1028.00,2195.00,1028,1167,0.00,0.00,0,0
1453696579,lo,8324.00,8324.00,16648.00,8324,8324,81.00,81.00,162.00,81,81,0.00,0.00,0,0
1453696579,s3-eth2,68854.00,5635498.00,5704352.00,5635498,68854,1027.00,1161.00,2188.00,1161,1027,0.00,0.00,0,0
1453696579,s3-eth1,5630202.00,68478.00,5698680.00,68478,5630202,1163.00,1027.00,2190.00,1027,1163,0.00,0.00,0,0
1453696579,total,17127320.00,17123150.00,34250472.00,17123150,17127320,6673.00,6683.00,13356.00,6683,6673,0.00,0.00,0,0
1453696580,s5,0.00,0.00,0.00,0,0,0.00,0.00,0.00,0,0,0.00,0.00,0,0
1453696580,s1,0.00,156.00,156.00,156,0,0.00,2.00,2.00,2,0,0.00,0.00,0,0
1453696580,eth0,456.00,1185.00,1641.00,1185,456,6.00,6.00,12.00,6,6,0.00,0.00,0,0
1453696580,eth1,0.00,0.00,0.00,0,0,0.00,0.00,0.00,0,0,0.00,0.00,0,0
1453696580,s2,0.00,328.00,328.00,328,0,0.00,4.00,4.00,4,0,0.00,0.00,0,0
1453696580,s1-eth2,74302.00,6047930.00,6122232.00,6047930,74302,1125.00,1113.00,2238.00,1113,1125,0.00,0.00,0,0
1453696580,s1-eth1,6051168.00,73788.00,6124956.00,73788,6051168,1118.00,1118.00,2236.00,1118,1118,0.00,0.00,0,0
1453696580,s3,0.00,438.00,438.00,438,0,0.00,5.00,5.00,5,0,0.00,0.00,0,0
1453696580,s2-eth2,74754.00,6056408.00,6131162.00,6056408,74754,1131.00,1110.00,2241.00,1110,1131,0.00,0.00,0,0
1453696580,s2-eth1,6053788.00,74302.00,6128090.00,74302,6053788,1114.00,1125.00,2239.00,1125,1114,0.00,0.00,0,0
1453696580,lo,4521.00,4521.00,9042.00,4521,4521,44.00,44.00,88.00,44,44,0.00,0.00,0,0
1453696580,s3-eth2,75309.00,6056066.00,6131375.00,6056066,75309,1138.00,1105.00,2243.00,1105,1138,0.00,0.00,0,0
1453696580,s3-eth1,6056408.00,74754.00,6131162.00,74754,6056408,1110.00,1131.00,2241.00,1131,1110,0.00,0.00,0,0
1453696580,total,18390706.00,18389876.00,36780584.00,18389876,18390706,6786.00,6763.00,13549.00,6763,6786,0.00,0.00,0,0
1453696581,s5,0.00,0.00,0.00,0,0,0.00,0.00,0.00,0,0,0.00,0.00,0,0
1453696581,s1,0.00,3123.00,3123.00,3123,0,0.00,18.00,18.00,18,0,0.00,0.00,0,0
1453696581,eth0,608.00,1580.00,2188.00,1580,608,8.00,8.00,16.00,8,8,0.00,0.00,0,0
1453696581,eth1,0.00,0.00,0.00,0,0,0.00,0.00,0.00,0,0,0.00,0.00,0,0
1453696581,s2,0.00,3200.00,3200.00,3200,0,0.00,16.00,16.00,16,0,0.00,0.00,0,0
1453696581,s1-eth2,69902.00,6048579.00,6118481.00,6048579,69902,1039.00,1050.00,2089.00,1050,1039,0.00,0.00,0,0
1453696581,s1-eth1,6044500.00,68112.00,6112612.00,68112,6044500,1059.00,1032.00,2091.00,1032,1059,0.00,0.00,0,0
1453696581,s3,0.00,3290.00,3290.00,3290,0,0.00,17.00,17.00,17,0,0.00,0.00,0,0
1453696581,s2-eth2,71336.00,6046800.00,6118136.00,6046800,71336,1048.00,1040.00,2088.00,1040,1048,0.00,0.00,0,0
1453696581,s2-eth1,6042721.00,69968.00,6112689.00,69968,6042721,1049.00,1040.00,2089.00,1040,1049,0.00,0.00,0,0
1453696581,lo,17148.00,17148.00,34296.00,17148,17148,159.00,159.00,318.00,159,159,0.00,0.00,0,0
1453696581,s3-eth2,73258.00,6045456.00,6118714.00,6045456,73258,1057.00,1032.00,2089.00,1032,1057,0.00,0.00,0,0
1453696581,s3-eth1,6046800.00,71336.00,6118136.00,71336,6046800,1040.00,1048.00,2088.00,1048,1040,0.00,0.00,0,0
1453696581,total,18366272.00,18378592.00,36744864.00,18378592,18366273,6459.00,6460.00,12919.00,6460,6459,0.00,0.00,0,0
1453696582,s5,0.00,0.00,0.00,0,0,0.00,0.00,0.00,0,0,0.00,0.00,0,0
1453696582,s1,0.00,2254.00,2254.00,2254,0,0.00,9.00,9.00,9,0,0.00,0.00,0,0
1453696582,eth0,152.00,395.00,547.00,395,152,2.00,2.00,4.00,2,2,0.00,0.00,0,0
1453696582,eth1,0.00,0.00,0.00,0,0,0.00,0.00,0.00,0,0,0.00,0.00,0,0
1453696582,s2,0.00,1927.00,1927.00,1927,0,0.00,8.00,8.00,8,0,0.00,0.00,0,0
1453696582,s1-eth2,68828.00,6047710.00,6116538.00,6047710,68828,1035.00,1041.00,2076.00,1041,1035,0.00,0.00,0,0
1453696582,s1-eth1,6048753.00,68112.00,6116865.00,68112,6048753,1045.00,1032.00,2077.00,1032,1045,0.00,0.00,0,0
1453696582,s3,0.00,2104.00,2104.00,2104,0,0.00,8.00,8.00,8,0,0.00,0.00,0,0
1453696582,s2-eth2,70216.00,6041076.00,6111292.00,6041076,70216,1040.00,1037.00,2077.00,1037,1040,0.00,0.00,0,0
1453696582,s2-eth1,6047710.00,68762.00,6116472.00,68762,6047710,1041.00,1034.00,2075.00,1034,1041,0.00,0.00,0,0
1453696582,lo,8861.00,8861.00,17722.00,8861,8861,84.00,84.00,168.00,84,84,0.00,0.00,0,0
1453696582,s3-eth2,71086.00,6039598.00,6110684.00,6039598,71086,1042.00,1031.00,2073.00,1031,1042,0.00,0.00,0,0
1453696582,s3-eth1,6041076.00,70216.00,6111292.00,70216,6041076,1037.00,1040.00,2077.00,1040,1037,0.00,0.00,0,0
1453696582,total,18356682.00,18351016.00,36707696.00,18351015,18356682,6326.00,6326.00,12652.00,6326,6326,0.00,0.00,0,0
1453696583,s5,0.00,0.00,0.00,0,0,0.00,0.00,0.00,0,0,0.00,0.00,0,0
1453696583,s1,0.00,921.00,921.00,921,0,0.00,3.00,3.00,3,0,0.00,0.00,0,0
1453696583,eth0,0.00,0.00,0.00,0,0,0.00,0.00,0.00,0,0,0.00,0.00,0,0
1453696583,eth1,0.00,0.00,0.00,0,0,0.00,0.00,0.00,0,0,0.00,0.00,0,0
1453696583,s2,0.00,921.00,921.00,921,0,0.00,3.00,3.00,3,0,0.00,0.00,0,0
1453696583,s1-eth2,68439.00,6046377.00,6114816.00,6046377,68439,1033.00,1035.00,2068.00,1035,1033,0.00,0.00,0,0
1453696583,s1-eth1,6046704.00,68112.00,6114816.00,68112,6046704,1036.00,1032.00,2068.00,1032,1036,0.00,0.00,0,0
1453696583,s3,0.00,654.00,654.00,654,0,0.00,2.00,2.00,2,0,0.00,0.00,0,0
1453696583,s2-eth2,68766.00,6045783.00,6114549.00,6045783,68766,1034.00,1033.00,2067.00,1033,1034,0.00,0.00,0,0
1453696583,s2-eth1,6046377.00,68439.00,6114816.00,68439,6046377,1035.00,1033.00,2068.00,1033,1035,0.00,0.00,0,0
1453696583,lo,2410.00,2410.00,4820.00,2410,2410,23.00,23.00,46.00,23,23,0.00,0.00,0,0
1453696583,s3-eth2,68939.00,6051314.00,6120253.00,6051314,68939,1036.00,1033.00,2069.00,1033,1036,0.00,0.00,0,0
1453696583,s3-eth1,6045783.00,68766.00,6114549.00,68766,6045783,1033.00,1034.00,2067.00,1034,1033,0.00,0.00,0,0
1453696583,total,18347418.00,18353696.00,36701116.00,18353697,18347418,6230.00,6231.00,12461.00,6231,6230,0.00,0.00,0,0
1453696584,s5,0.00,0.00,0.00,0,0,0.00,0.00,0.00,0,0,0.00,0.00,0,0
1453696584,s1,0.00,214.00,214.00,214,0,0.00,2.00,2.00,2,0,0.00,0.00,0,0
1453696584,eth0,60.00,60.00,120.00,60,60,1.00,1.00,2.00,1,1,0.00,0.00,0,0
1453696584,eth1,60.00,60.00,120.00,60,60,1.00,1.00,2.00,1,1,0.00,0.00,0,0
1453696584,s2,0.00,551.00,551.00,551,0,0.00,4.00,4.00,4,0,0.00,0.00,0,0
1453696584,s1-eth2,68556.00,6045670.00,6114226.00,6045670,68556,1035.00,1034.00,2069.00,1034,1035,0.00,0.00,0,0
1453696584,s1-eth1,6046044.00,68112.00,6114156.00,68112,6046044,1036.00,1032.00,2068.00,1032,1036,0.00,0.00,0,0
1453696584,s3,0.00,551.00,551.00,551,0,0.00,4.00,4.00,4,0,0.00,0.00,0,0
1453696584,s2-eth2,68663.00,6045563.00,6114226.00,6045563,68663,1036.00,1033.00,2069.00,1033,1036,0.00,0.00,0,0
1453696584,s2-eth1,6045670.00,68556.00,6114226.00,68556,6045670,1034.00,1035.00,2069.00,1035,1034,0.00,0.00,0,0
1453696584,lo,3018.00,3018.00,6036.00,3018,3018,30.00,30.00,60.00,30,30,0.00,0.00,0,0
1453696584,s3-eth2,68934.00,6039598.00,6108532.00,6039598,68934,1037.00,1031.00,2068.00,1031,1037,0.00,0.00,0,0
1453696584,s3-eth1,6045563.00,68663.00,6114226.00,68663,6045563,1033.00,1036.00,2069.00,1036,1033,0.00,0.00,0,0
1453696584,total,18346568.00,18340616.00,36687184.00,18340616,18346568,6243.00,6243.00,12486.00,6243,6243,0.00,0.00,0,0
1453696585,s5,0.00,0.00,0.00,0,0,0.00,0.00,0.00,0,0,0.00,0.00,0,0
1453696585,s1,0.00,1328.00,1328.00,1328,0,0.00,6.00,6.00,6,0,0.00,0.00,0,0
1453696585,eth0,0.00,0.00,0.00,0,0,0.00,0.00,0.00,0,0,0.00,0.00,0,0
1453696585,eth1,0.00,0.00,0.00,0,0,0.00,0.00,0.00,0,0,0.00,0.00,0,0
1453696585,s2,0.00,991.00,991.00,991,0,0.00,4.00,4.00,4,0,0.00,0.00,0,0
1453696585,s1-eth2,68439.00,6046784.00,6115223.00,6046784,68439,1033.00,1038.00,2071.00,1038,1033,0.00,0.00,0,0
1453696585,s1-eth1,6047181.00,68112.00,6115293.00,68112,6047181,1040.00,1032.00,2072.00,1032,1040,0.00,0.00,0,0
1453696585,s3,0.00,991.00,991.00,991,0,0.00,4.00,4.00,4,0,0.00,0.00,0,0
1453696585,s2-eth2,69103.00,6051978.00,6121081.00,6051978,69103,1036.00,1036.00,2072.00,1036,1036,0.00,0.00,0,0
1453696585,s2-eth1,6046784.00,68439.00,6115223.00,68439,6046784,1038.00,1033.00,2071.00,1033,1038,0.00,0.00,0,0
1453696585,lo,4332.00,4332.00,8664.00,4332,4332,42.00,42.00,84.00,42,42,0.00,0.00,0,0
1453696585,s3-eth2,69838.00,6051314.00,6121152.00,6051314,69838,1039.00,1033.00,2072.00,1033,1039,0.00,0.00,0,0
1453696585,s3-eth1,6051978.00,69103.00,6121081.00,69103,6051978,1036.00,1036.00,2072.00,1036,1036,0.00,0.00,0,0
1453696585,total,18357656.00,18363372.00,36721028.00,18363372,18357655,6264.00,6264.00,12528.00,6264,6264,0.00,0.00,0,0
1453696586,s5,0.00,0.00,0.00,0,0,0.00,0.00,0.00,0,0,0.00,0.00,0,0
1453696586,s1,0.00,0.00,0.00,0,0,0.00,0.00,0.00,0,0,0.00,0.00,0,0
1453696586,eth0,0.00,0.00,0.00,0,0,0.00,0.00,0.00,0,0,0.00,0.00,0,0
1453696586,eth1,0.00,0.00,0.00,0,0,0.00,0.00,0.00,0,0,0.00,0.00,0,0
1453696586,s2,0.00,0.00,0.00,0,0,0.00,0.00,0.00,0,0,0.00,0.00,0,0
1453696586,s1-eth2,68112.00,6045456.00,6113568.00,6045456,68112,1032.00,1032.00,2064.00,1032,1032,0.00,0.00,0,0
1453696586,s1-eth1,6045798.00,68112.00,6113910.00,68112,6045798,1033.00,1032.00,2065.00,1032,1033,0.00,0.00,0,0
1453696586,s3,0.00,342.00,342.00,342,0,0.00,1.00,1.00,1,0,0.00,0.00,0,0
1453696586,s2-eth2,68454.00,6039598.00,6108052.00,6039598,68454,1033.00,1031.00,2064.00,1031,1033,0.00,0.00,0,0
1453696586,s2-eth1,6045456.00,68112.00,6113568.00,68112,6045456,1032.00,1032.00,2064.00,1032,1032,0.00,0.00,0,0
1453696586,lo,326.00,326.00,652.00,326,326,3.00,3.00,6.00,3,3,0.00,0.00,0,0
1453696586,s3-eth2,68388.00,6039598.00,6107986.00,6039598,68388,1032.00,1031.00,2063.00,1031,1032,0.00,0.00,0,0
1453696586,s3-eth1,6039598.00,68454.00,6108052.00,68454,6039598,1031.00,1033.00,2064.00,1033,1031,0.00,0.00,0,0
1453696586,total,18336132.00,18329998.00,36666128.00,18329998,18336132,6196.00,6195.00,12391.00,6195,6196,0.00,0.00,0,0
1453696587,s5,0.00,0.00,0.00,0,0,0.00,0.00,0.00,0,0,0.00,0.00,0,0
1453696587,s1,0.00,0.00,0.00,0,0,0.00,0.00,0.00,0,0,0.00,0.00,0,0
1453696587,eth0,0.00,0.00,0.00,0,0,0.00,0.00,0.00,0,0,0.00,0.00,0,0
1453696587,eth1,0.00,0.00,0.00,0,0,0.00,0.00,0.00,0,0,0.00,0.00,0,0
1453696587,s2,0.00,0.00,0.00,0,0,0.00,0.00,0.00,0,0,0.00,0.00,0,0
1453696587,s1-eth2,68112.00,6045456.00,6113568.00,6045456,68112,1032.00,1032.00,2064.00,1032,1032,0.00,0.00,0,0
1453696587,s1-eth1,6051314.00,68112.00,6119426.00,68112,6051314,1033.00,1032.00,2065.00,1032,1033,0.00,0.00,0,0
1453696587,s3,0.00,0.00,0.00,0,0,0.00,0.00,0.00,0,0,0.00,0.00,0,0
1453696587,s2-eth2,68112.00,6051314.00,6119426.00,6051314,68112,1032.00,1033.00,2065.00,1033,1032,0.00,0.00,0,0
1453696587,s2-eth1,6051314.00,68178.00,6119492.00,68178,6051314,1033.00,1033.00,2066.00,1033,1033,0.00,0.00,0,0
1453696587,lo,172.00,172.00,344.00,172,172,3.00,3.00,6.00,3,3,0.00,0.00,0,0
1453696587,s3-eth2,68285.00,6051314.00,6119599.00,6051314,68285,1034.00,1033.00,2067.00,1033,1034,0.00,0.00,0,0
1453696587,s3-eth1,6051314.00,68112.00,6119426.00,68112,6051314,1033.00,1032.00,2065.00,1032,1033,0.00,0.00,0,0
1453696587,total,18358624.00,18352658.00,36711280.00,18352658,18358623,6200.00,6198.00,12398.00,6198,6200,0.00,0.00,0,0
1453696588,s5,0.00,0.00,0.00,0,0,0.00,0.00,0.00,0,0,0.00,0.00,0,0
1453696588,s1,0.00,214.00,214.00,214,0,0.00,2.00,2.00,2,0,0.00,0.00,0,0
1453696588,eth0,0.00,0.00,0.00,0,0,0.00,0.00,0.00,0,0,0.00,0.00,0,0
1453696588,eth1,0.00,0.00,0.00,0,0,0.00,0.00,0.00,0,0,0.00,0.00,0,0
1453696588,s2,0.00,284.00,284.00,284,0,0.00,3.00,3.00,3,0,0.00,0.00,0,0
1453696588,s1-eth2,68289.00,6045670.00,6113959.00,6045670,68289,1034.00,1034.00,2068.00,1034,1034,0.00,0.00,0,0
1453696588,s1-eth1,6039919.00,68046.00,6107965.00,68046,6039919,1034.00,1031.00,2065.00,1031,1034,0.00,0.00,0,0
1453696588,s3,0.00,284.00,284.00,284,0,0.00,3.00,3.00,3,0,0.00,0.00,0,0
1453696588,s2-eth2,68396.00,6039705.00,6108101.00,6039705,68396,1035.00,1032.00,2067.00,1032,1035,0.00,0.00,0,0
1453696588,s2-eth1,6039812.00,68223.00,6108035.00,68223,6039812,1033.00,1033.00,2066.00,1033,1033,0.00,0.00,0,0
1453696588,lo,2366.00,2366.00,4732.00,2366,2366,24.00,24.00,48.00,24,24,0.00,0.00,0,0
1453696588,s3-eth2,68400.00,6039598.00,6107998.00,6039598,68400,1035.00,1031.00,2066.00,1031,1035,0.00,0.00,0,0
1453696588,s3-eth1,6039705.00,68396.00,6108101.00,68396,6039705,1032.00,1035.00,2067.00,1035,1032,0.00,0.00,0,0
1453696588,total,18326888.00,18332786.00,36659672.00,18332786,18326887,6227.00,6228.00,12455.00,6228,6227,0.00,0.00,0,0
1453696589,s5,0.00,0.00,0.00,0,0,0.00,0.00,0.00,0,0,0.00,0.00,0,0
1453696589,s1,0.00,482.00,482.00,482,0,0.00,3.00,3.00,3,0,0.00,0.00,0,0
1453696589,eth0,0.00,0.00,0.00,0,0,0.00,0.00,0.00,0,0,0.00,0.00,0,0
1453696589,eth1,0.00,0.00,0.00,0,0,0.00,0.00,0.00,0,0,0.00,0.00,0,0
1453696589,s2,0.00,412.00,412.00,412,0,0.00,2.00,2.00,2,0,0.00,0.00,0,0
1453696589,s1-eth2,68112.00,6045938.00,6114050.00,6045938,68112,1032.00,1035.00,2067.00,1035,1032,0.00,0.00,0,0
1453696589,s1-eth1,6046008.00,68178.00,6114186.00,68178,6046008,1036.00,1033.00,2069.00,1033,1036,0.00,0.00,0,0
1453696589,s3,0.00,70.00,70.00,70,0,0.00,1.00,1.00,1,0,0.00,0.00,0,0
1453696589,s2-eth2,68182.00,6045868.00,6114050.00,6045868,68182,1033.00,1034.00,2067.00,1034,1033,0.00,0.00,0,0
1453696589,s2-eth1,6045938.00,68178.00,6114116.00,68178,6045938,1035.00,1033.00,2068.00,1033,1035,0.00,0.00,0,0
1453696589,lo,1724.00,1724.00,3448.00,1724,1724,18.00,18.00,36.00,18,18,0.00,0.00,0,0
1453696589,s3-eth2,68248.00,6045456.00,6113704.00,6045456,68248,1034.00,1032.00,2066.00,1032,1034,0.00,0.00,0,0
1453696589,s3-eth1,6045868.00,68182.00,6114050.00,68182,6045868,1034.00,1033.00,2067.00,1033,1034,0.00,0.00,0,0
1453696589,total,18344080.00,18344488.00,36688568.00,18344488,18344080,6222.00,6224.00,12446.00,6224,6222,0.00,0.00,0,0
1453696590,s5,0.00,0.00,0.00,0,0,0.00,0.00,0.00,0,0,0.00,0.00,0,0
1453696590,s1,0.00,342.00,342.00,342,0,0.00,1.00,1.00,1,0,0.00,0.00,0,0
1453696590,eth0,0.00,0.00,0.00,0,0,0.00,0.00,0.00,0,0,0.00,0.00,0,0
1453696590,eth1,0.00,0.00,0.00,0,0,0.00,0.00,0.00,0,0,0.00,0.00,0,0
1453696590,s2,0.00,342.00,342.00,342,0,0.00,1.00,1.00,1,0,0.00,0.00,0,0
1453696590,s1-eth2,68454.00,6045798.00,6114252.00,6045798,68454,1033.00,1033.00,2066.00,1033,1033,0.00,0.00,0,0
1453696590,s1-eth1,6046140.00,68046.00,6114186.00,68046,6046140,1034.00,1031.00,2065.00,1031,1034,0.00,0.00,0,0
1453696590,s3,0.00,342.00,342.00,342,0,0.00,1.00,1.00,1,0,0.00,0.00,0,0
1453696590,s2-eth2,68454.00,6045456.00,6113910.00,6045456,68454,1033.00,1032.00,2065.00,1032,1033,0.00,0.00,0,0
1453696590,s2-eth1,6045798.00,68388.00,6114186.00,68388,6045798,1033.00,1032.00,2065.00,1032,1033,0.00,0.00,0,0
1453696590,lo,978.00,978.00,1956.00,978,978,9.00,9.00,18.00,9,9,0.00,0.00,0,0
1453696590,s3-eth2,68388.00,6045456.00,6113844.00,6045456,68388,1032.00,1032.00,2064.00,1032,1032,0.00,0.00,0,0
1453696590,s3-eth1,6045456.00,68454.00,6113910.00,68454,6045456,1032.00,1033.00,2065.00,1033,1032,0.00,0.00,0,0
1453696590,total,18343668.00,18343602.00,36687272.00,18343602,18343668,6206.00,6205.00,12411.00,6205,6206,0.00,0.00,0,0
1453696591,s5,0.00,0.00,0.00,0,0,0.00,0.00,0.00,0,0,0.00,0.00,0,0
1453696591,s1,0.00,0.00,0.00,0,0,0.00,0.00,0.00,0,0,0.00,0.00,0,0
1453696591,eth0,0.00,0.00,0.00,0,0,0.00,0.00,0.00,0,0,0.00,0.00,0,0
1453696591,eth1,0.00,0.00,0.00,0,0,0.00,0.00,0.00,0,0,0.00,0.00,0,0
1453696591,s2,0.00,0.00,0.00,0,0,0.00,0.00,0.00,0,0,0.00,0.00,0,0
1453696591,s1-eth2,68112.00,6045456.00,6113568.00,6045456,68112,1032.00,1032.00,2064.00,1032,1032,0.00,0.00,0,0
1453696591,s1-eth1,6045456.00,68178.00,6113634.00,68178,6045456,1032.00,1033.00,2065.00,1033,1032,0.00,0.00,0,0
1453696591,s3,0.00,0.00,0.00,0,0,0.00,0.00,0.00,0,0,0.00,0.00,0,0
1453696591,s2-eth2,68112.00,6045456.00,6113568.00,6045456,68112,1032.00,1032.00,2064.00,1032,1032,0.00,0.00,0,0
1453696591,s2-eth1,6045456.00,68112.00,6113568.00,68112,6045456,1032.00,1032.00,2064.00,1032,1032,0.00,0.00,0,0
1453696591,lo,0.00,0.00,0.00,0,0,0.00,0.00,0.00,0,0,0.00,0.00,0,0
1453696591,s3-eth2,68112.00,6045456.00,6113568.00,6045456,68112,1032.00,1032.00,2064.00,1032,1032,0.00,0.00,0,0
1453696591,s3-eth1,6045456.00,68112.00,6113568.00,68112,6045456,1032.00,1032.00,2064.00,1032,1032,0.00,0.00,0,0
1453696591,total,18340704.00,18340770.00,36681472.00,18340770,18340704,6192.00,6193.00,12385.00,6193,6192,0.00,0.00,0,0
1453696592,s5,0.00,0.00,0.00,0,0,0.00,0.00,0.00,0,0,0.00,0.00,0,0
1453696592,s1,0.00,0.00,0.00,0,0,0.00,0.00,0.00,0,0,0.00,0.00,0,0
1453696592,eth0,0.00,0.00,0.00,0,0,0.00,0.00,0.00,0,0,0.00,0.00,0,0
1453696592,eth1,0.00,0.00,0.00,0,0,0.00,0.00,0.00,0,0,0.00,0.00,0,0
1453696592,s2,0.00,0.00,0.00,0,0,0.00,0.00,0.00,0,0,0.00,0.00,0,0
1453696592,s1-eth2,68112.00,6045456.00,6113568.00,6045456,68112,1032.00,1032.00,2064.00,1032,1032,0.00,0.00,0,0
1453696592,s1-eth1,6045456.00,68112.00,6113568.00,68112,6045456,1032.00,1032.00,2064.00,1032,1032,0.00,0.00,0,0
1453696592,s3,0.00,0.00,0.00,0,0,0.00,0.00,0.00,0,0,0.00,0.00,0,0
1453696592,s2-eth2,68112.00,6045456.00,6113568.00,6045456,68112,1032.00,1032.00,2064.00,1032,1032,0.00,0.00,0,0
1453696592,s2-eth1,6045456.00,68112.00,6113568.00,68112,6045456,1032.00,1032.00,2064.00,1032,1032,0.00,0.00,0,0
1453696592,lo,172.00,172.00,344.00,172,172,3.00,3.00,6.00,3,3,0.00,0.00,0,0
1453696592,s3-eth2,68454.00,6045456.00,6113910.00,6045456,68454,1033.00,1032.00,2065.00,1032,1033,0.00,0.00,0,0
1453696592,s3-eth1,6045456.00,68112.00,6113568.00,68112,6045456,1032.00,1032.00,2064.00,1032,1032,0.00,0.00,0,0
1453696592,total,18341218.00,18340876.00,36682096.00,18340876,18341218,6196.00,6195.00,12391.00,6195,6196,0.00,0.00,0,0
1453696593,s5,0.00,0.00,0.00,0,0,0.00,0.00,0.00,0,0,0.00,0.00,0,0
1453696593,s1,0.00,0.00,0.00,0,0,0.00,0.00,0.00,0,0,0.00,0.00,0,0
1453696593,eth0,0.00,0.00,0.00,0,0,0.00,0.00,0.00,0,0,0.00,0.00,0,0
1453696593,eth1,0.00,0.00,0.00,0,0,0.00,0.00,0.00,0,0,0.00,0.00,0,0
1453696593,s2,0.00,0.00,0.00,0,0,0.00,0.00,0.00,0,0,0.00,0.00,0,0
1453696593,s1-eth2,24156.00,1947846.00,1972002.00,1947846,24156,366.00,335.00,701.00,335,366,0.00,0.00,0,0
1453696593,s1-eth1,2012284.00,23430.00,2035714.00,23430,2012284,346.00,355.00,701.00,355,346,0.00,0.00,0,0
1453696593,s3,0.00,0.00,0.00,0,0,0.00,0.00,0.00,0,0,0.00,0.00,0,0
1453696593,s2-eth2,24816.00,1883408.00,1908224.00,1883408,24816,376.00,324.00,700.00,324,376,0.00,0.00,0,0
1453696593,s2-eth1,1947846.00,24156.00,1972002.00,24156,1947846,335.00,366.00,701.00,366,335,0.00,0.00,0,0
1453696593,lo,0.00,0.00,0.00,0,0,0.00,0.00,0.00,0,0,0.00,0.00,0,0
1453696593,s3-eth2,25542.00,1813112.00,1838654.00,1813112,25542,387.00,312.00,699.00,312,387,0.00,0.00,0,0
1453696593,s3-eth1,1883408.00,24816.00,1908224.00,24816,1883408,324.00,376.00,700.00,376,324,0.00,0.00,0,0
1453696593,total,5918052.00,5716768.00,11634820.00,5716768,5918052,2134.00,2068.00,4202.00,2068,2134,0.00,0.00,0,0
1453696594,s5,0.00,0.00,0.00,0,0,0.00,0.00,0.00,0,0,0.00,0.00,0,0
1453696594,s1,0.00,0.00,0.00,0,0,0.00,0.00,0.00,0,0,0.00,0.00,0,0
1453696594,eth0,0.00,0.00,0.00,0,0,0.00,0.00,0.00,0,0,0.00,0.00,0,0
1453696594,eth1,0.00,0.00,0.00,0,0,0.00,0.00,0.00,0,0,0.00,0.00,0,0
1453696594,s2,0.00,0.00,0.00,0,0,0.00,0.00,0.00,0,0,0.00,0.00,0,0
1453696594,s1-eth2,0.00,0.00,0.00,0,0,0.00,0.00,0.00,0,0,0.00,0.00,0,0
1453696594,s1-eth1,0.00,0.00,0.00,0,0,0.00,0.00,0.00,0,0,0.00,0.00,0,0
1453696594,s3,0.00,0.00,0.00,0,0,0.00,0.00,0.00,0,0,0.00,0.00,0,0
1453696594,s2-eth2,0.00,0.00,0.00,0,0,0.00,0.00,0.00,0,0,0.00,0.00,0,0
1453696594,s2-eth1,0.00,0.00,0.00,0,0,0.00,0.00,0.00,0,0,0.00,0.00,0,0
1453696594,lo,0.00,0.00,0.00,0,0,0.00,0.00,0.00,0,0,0.00,0.00,0,0
1453696594,s3-eth2,0.00,0.00,0.00,0,0,0.00,0.00,0.00,0,0,0.00,0.00,0,0
1453696594,s3-eth1,0.00,0.00,0.00,0,0,0.00,0.00,0.00,0,0,0.00,0.00,0,0
1453696594,total,0.00,0.00,0.00,0,0,0.00,0.00,0.00,0,0,0.00,0.00,0,0
1453696595,s5,0.00,0.00,0.00,0,0,0.00,0.00,0.00,0,0,0.00,0.00,0,0
1453696595,s1,0.00,0.00,0.00,0,0,0.00,0.00,0.00,0,0,0.00,0.00,0,0
1453696595,eth0,0.00,0.00,0.00,0,0,0.00,0.00,0.00,0,0,0.00,0.00,0,0
1453696595,eth1,0.00,0.00,0.00,0,0,0.00,0.00,0.00,0,0,0.00,0.00,0,0
1453696595,s2,0.00,0.00,0.00,0,0,0.00,0.00,0.00,0,0,0.00,0.00,0,0
1453696595,s1-eth2,0.00,0.00,0.00,0,0,0.00,0.00,0.00,0,0,0.00,0.00,0,0
1453696595,s1-eth1,0.00,0.00,0.00,0,0,0.00,0.00,0.00,0,0,0.00,0.00,0,0
1453696595,s3,0.00,0.00,0.00,0,0,0.00,0.00,0.00,0,0,0.00,0.00,0,0
1453696595,s2-eth2,0.00,0.00,0.00,0,0,0.00,0.00,0.00,0,0,0.00,0.00,0,0
1453696595,s2-eth1,0.00,0.00,0.00,0,0,0.00,0.00,0.00,0,0,0.00,0.00,0,0
1453696595,lo,516.00,516.00,1032.00,516,516,9.00,9.00,18.00,9,9,0.00,0.00,0,0
1453696595,s3-eth2,107.00,0.00,107.00,0,107,1.00,0.00,1.00,0,1,0.00,0.00,0,0
1453696595,s3-eth1,0.00,0.00,0.00,0,0,0.00,0.00,0.00,0,0,0.00,0.00,0,0
1453696595,total,623.00,516.00,1139.00,516,623,10.00,9.00,19.00,9,10,0.00,0.00,0,0
1453696596,s5,0.00,0.00,0.00,0,0,0.00,0.00,0.00,0,0,0.00,0.00,0,0
1453696596,s1,0.00,213.79,213.79,214,0,0.00,2.00,2.00,2,0,0.00,0.00,0,0
1453696596,eth0,0.00,0.00,0.00,0,0,0.00,0.00,0.00,0,0,0.00,0.00,0,0
1453696596,eth1,0.00,0.00,0.00,0,0,0.00,0.00,0.00,0,0,0.00,0.00,0,0
1453696596,s2,0.00,213.79,213.79,214,0,0.00,2.00,2.00,2,0,0.00,0.00,0,0
1453696596,s1-eth2,106.89,213.79,320.68,214,107,1.00,2.00,3.00,2,1,0.00,0.00,0,0
1453696596,s1-eth1,320.68,0.00,320.68,0,321,3.00,0.00,3.00,0,3,0.00,0.00,0,0
1453696596,s3,0.00,213.79,213.79,214,0,0.00,2.00,2.00,2,0,0.00,0.00,0,0
1453696596,s2-eth2,213.79,106.89,320.68,107,214,2.00,1.00,3.00,1,2,0.00,0.00,0,0
1453696596,s2-eth1,213.79,106.89,320.68,107,214,2.00,1.00,3.00,1,2,0.00,0.00,0,0
1453696596,lo,1828.17,1828.17,3656.34,1830,1830,17.98,17.98,35.96,18,18,0.00,0.00,0,0
1453696596,s3-eth2,213.79,0.00,213.79,0,214,2.00,0.00,2.00,0,2,0.00,0.00,0,0
1453696596,s3-eth1,106.89,213.79,320.68,214,107,1.00,2.00,3.00,2,1,0.00,0.00,0,0
1453696596,total,2998.01,3104.69,6102.69,3114,3007,28.91,29.91,58.82,30,29,0.00,0.00,0,0
1453696597,s5,0.00,0.00,0.00,0,0,0.00,0.00,0.00,0,0,0.00,0.00,0,0
1453696597,s1,0.00,0.00,0.00,0,0,0.00,0.00,0.00,0,0,0.00,0.00,0,0
1453696597,eth0,0.00,0.00,0.00,0,0,0.00,0.00,0.00,0,0,0.00,0.00,0,0
1453696597,eth1,0.00,0.00,0.00,0,0,0.00,0.00,0.00,0,0,0.00,0.00,0,0
1453696597,s2,0.00,0.00,0.00,0,0,0.00,0.00,0.00,0,0,0.00,0.00,0,0
1453696597,s1-eth2,0.00,0.00,0.00,0,0,0.00,0.00,0.00,0,0,0.00,0.00,0,0
1453696597,s1-eth1,0.00,0.00,0.00,0,0,0.00,0.00,0.00,0,0,0.00,0.00,0,0
1453696597,s3,0.00,341.32,341.32,342,0,0.00,1.00,1.00,1,0,0.00,0.00,0,0
1453696597,s2-eth2,341.32,0.00,341.32,0,342,1.00,0.00,1.00,0,1,0.00,0.00,0,0
1453696597,s2-eth1,0.00,0.00,0.00,0,0,0.00,0.00,0.00,0,0,0.00,0.00,0,0
1453696597,lo,497.01,497.01,994.01,498,498,5.99,5.99,11.98,6,6,0.00,0.00,0,0
1453696597,s3-eth2,341.32,0.00,341.32,0,342,1.00,0.00,1.00,0,1,0.00,0.00,0,0
1453696597,s3-eth1,0.00,341.32,341.32,342,0,0.00,1.00,1.00,1,0,0.00,0.00,0,0
1453696597,total,1180.82,1180.82,2361.64,1182,1182,7.99,7.99,15.98,8,8,0.00,0.00,0,0
1453696598,s5,0.00,0.00,0.00,0,0,0.00,0.00,0.00,0,0,0.00,0.00,0,0
1453696598,s1,0.00,0.00,0.00,0,0,0.00,0.00,0.00,0,0,0.00,0.00,0,0
1453696598,eth0,0.00,0.00,0.00,0,0,0.00,0.00,0.00,0,0,0.00,0.00,0,0
1453696598,eth1,0.00,0.00,0.00,0,0,0.00,0.00,0.00,0,0,0.00,0.00,0,0
1453696598,s2,0.00,0.00,0.00,0,0,0.00,0.00,0.00,0,0,0.00,0.00,0,0
1453696598,s1-eth2,0.00,0.00,0.00,0,0,0.00,0.00,0.00,0,0,0.00,0.00,0,0
1453696598,s1-eth1,0.00,0.00,0.00,0,0,0.00,0.00,0.00,0,0,0.00,0.00,0,0
1453696598,s3,0.00,0.00,0.00,0,0,0.00,0.00,0.00,0,0,0.00,0.00,0,0
1453696598,s2-eth2,0.00,0.00,0.00,0,0,0.00,0.00,0.00,0,0,0.00,0.00,0,0
1453696598,s2-eth1,0.00,0.00,0.00,0,0,0.00,0.00,0.00,0,0,0.00,0.00,0,0
1453696598,lo,0.00,0.00,0.00,0,0,0.00,0.00,0.00,0,0,0.00,0.00,0,0
1453696598,s3-eth2,0.00,0.00,0.00,0,0,0.00,0.00,0.00,0,0,0.00,0.00,0,0
1453696598,s3-eth1,0.00,0.00,0.00,0,0,0.00,0.00,0.00,0,0,0.00,0.00,0,0
1453696598,total,0.00,0.00,0.00,0,0,0.00,0.00,0.00,0,0,0.00,0.00,0,0
1453696599,s5,0.00,0.00,0.00,0,0,0.00,0.00,0.00,0,0,0.00,0.00,0,0
1453696599,s1,0.00,0.00,0.00,0,0,0.00,0.00,0.00,0,0,0.00,0.00,0,0
1453696599,eth0,0.00,0.00,0.00,0,0,0.00,0.00,0.00,0,0,0.00,0.00,0,0
1453696599,eth1,0.00,0.00,0.00,0,0,0.00,0.00,0.00,0,0,0.00,0.00,0,0
1453696599,s2,0.00,341.66,341.66,342,0,0.00,1.00,1.00,1,0,0.00,0.00,0,0
1453696599,s1-eth2,341.66,0.00,341.66,0,342,1.00,0.00,1.00,0,1,0.00,0.00,0,0
1453696599,s1-eth1,0.00,0.00,0.00,0,0,0.00,0.00,0.00,0,0,0.00,0.00,0,0
1453696599,s3,0.00,341.66,341.66,342,0,0.00,1.00,1.00,1,0,0.00,0.00,0,0
1453696599,s2-eth2,341.66,0.00,341.66,0,342,1.00,0.00,1.00,0,1,0.00,0.00,0,0
1453696599,s2-eth1,0.00,341.66,341.66,342,0,0.00,1.00,1.00,1,0,0.00,0.00,0,0
1453696599,lo,651.35,651.35,1302.70,652,652,5.99,5.99,11.99,6,6,0.00,0.00,0,0
1453696599,s3-eth2,341.66,0.00,341.66,0,342,1.00,0.00,1.00,0,1,0.00,0.00,0,0
1453696599,s3-eth1,0.00,341.66,341.66,342,0,0.00,1.00,1.00,1,0,0.00,0.00,0,0
1453696599,total,1676.32,2017.98,3694.31,2020,1678,8.99,9.99,18.98,10,9,0.00,0.00,0,0
1453696600,s5,0.00,0.00,0.00,0,0,0.00,0.00,0.00,0,0,0.00,0.00,0,0
1453696600,s1,0.00,341.66,341.66,342,0,0.00,1.00,1.00,1,0,0.00,0.00,0,0
1453696600,eth0,0.00,0.00,0.00,0,0,0.00,0.00,0.00,0,0,0.00,0.00,0,0
1453696600,eth1,0.00,0.00,0.00,0,0,0.00,0.00,0.00,0,0,0.00,0.00,0,0
1453696600,s2,0.00,0.00,0.00,0,0,0.00,0.00,0.00,0,0,0.00,0.00,0,0
1453696600,s1-eth2,0.00,341.66,341.66,342,0,0.00,1.00,1.00,1,0,0.00,0.00,0,0
1453696600,s1-eth1,683.32,0.00,683.32,0,684,2.00,0.00,2.00,0,2,0.00,0.00,0,0
1453696600,s3,0.00,0.00,0.00,0,0,0.00,0.00,0.00,0,0,0.00,0.00,0,0
1453696600,s2-eth2,0.00,0.00,0.00,0,0,0.00,0.00,0.00,0,0,0.00,0.00,0,0
1453696600,s2-eth1,341.66,0.00,341.66,0,342,1.00,0.00,1.00,0,1,0.00,0.00,0,0
1453696600,lo,325.67,325.67,651.35,326,326,3.00,3.00,5.99,3,3,0.00,0.00,0,0
1453696600,s3-eth2,0.00,0.00,0.00,0,0,0.00,0.00,0.00,0,0,0.00,0.00,0,0
1453696600,s3-eth1,0.00,0.00,0.00,0,0,0.00,0.00,0.00,0,0,0.00,0.00,0,0
1453696600,total,1350.65,1008.99,2359.64,1010,1352