1453688770,s5,0.00,0.00,0.00,0,0,0.00,0.00,0.00,0,0,0.00,0.00,0,0
1453688770,s1,0.00,0.00,0.00,0,0,0.00,0.00,0.00,0,0,0.00,0.00,0,0
1453688770,eth0,0.00,0.00,0.00,0,0,0.00,0.00,0.00,0,0,0.00,0.00,0,0
1453688770,eth1,0.00,0.00,0.00,0,0,0.00,0.00,0.00,0,0,0.00,0.00,0,0
1453688770,s2,0.00,0.00,0.00,0,0,0.00,0.00,0.00,0,0,0.00,0.00,0,0
1453688770,s1-eth2,0.00,0.00,0.00,0,0,0.00,0.00,0.00,0,0,0.00,0.00,0,0
1453688770,s1-eth1,0.00,0.00,0.00,0,0,0.00,0.00,0.00,0,0,0.00,0.00,0,0
1453688770,s3,0.00,0.00,0.00,0,0,0.00,0.00,0.00,0,0,0.00,0.00,0,0
1453688770,s2-eth2,0.00,0.00,0.00,0,0,0.00,0.00,0.00,0,0,0.00,0.00,0,0
1453688770,s2-eth1,0.00,0.00,0.00,0,0,0.00,0.00,0.00,0,0,0.00,0.00,0,0
1453688770,lo,0.00,0.00,0.00,0,0,0.00,0.00,0.00,0,0,0.00,0.00,0,0
1453688770,s4,0.00,0.00,0.00,0,0,0.00,0.00,0.00,0,0,0.00,0.00,0,0
1453688770,s3-eth2,0.00,0.00,0.00,0,0,0.00,0.00,0.00,0,0,0.00,0.00,0,0
1453688770,s3-eth1,0.00,0.00,0.00,0,0,0.00,0.00,0.00,0,0,0.00,0.00,0,0
1453688770,total,0.00,0.00,0.00,0,0,0.00,0.00,0.00,0,0,0.00,0.00,0,0
1453688771,s5,0.00,0.00,0.00,0,0,0.00,0.00,0.00,0,0,0.00,0.00,0,0
1453688771,s1,160.00,3493.00,3653.00,3493,160,2.00,21.00,23.00,21,2,0.00,0.00,0,0
1453688771,eth0,760.00,2233.00,2993.00,2233,760,10.00,11.00,21.00,11,10,0.00,0.00,0,0
1453688771,eth1,0.00,0.00,0.00,0,0,0.00,0.00,0.00,0,0,0.00,0.00,0,0
1453688771,s2,90.00,3583.00,3673.00,3583,90,1.00,22.00,23.00,22,1,0.00,0.00,0,0
1453688771,s1-eth2,28586.00,1223837.00,1252423.00,1223837,28586,419.00,433.00,852.00,433,419,0.00,0.00,0,0
1453688771,s1-eth1,1222814.00,27126.00,1249940.00,27126,1222814,444.00,411.00,855.00,411,444,0.00,0.00,0,0
1453688771,s3,160.00,3590.00,3750.00,3590,160,2.00,19.00,21.00,19,2,0.00,0.00,0,0
1453688771,s2-eth2,30466.00,1222533.00,1252999.00,1222533,30466,427.00,427.00,854.00,427,427,0.00,0.00,0,0
1453688771,s2-eth1,1223837.00,28586.00,1252423.00,28586,1223837,433.00,419.00,852.00,419,433,0.00,0.00,0,0
1453688771,lo,22241.00,22241.00,44482.00,22241,22241,211.00,211.00,422.00,211,211,0.00,0.00,0,0
1453688771,s4,0.00,0.00,0.00,0,0,0.00,0.00,0.00,0,0,0.00,0.00,0,0
1453688771,s3-eth2,32471.00,1223556.00,1256027.00,1223556,32471,440.00,416.00,856.00,416,440,0.00,0.00,0,0
1453688771,s3-eth1,1222533.00,30466.00,1252999.00,30466,1222533,427.00,427.00,854.00,427,427,0.00,0.00,0,0
1453688771,total,3784118.00,3791244.00,7575362.00,3791244,3784118,2816.00,2817.00,5633.00,2817,2816,0.00,0.00,0,0
1453688772,s5,0.00,0.00,0.00,0,0,0.00,0.00,0.00,0,0,0.00,0.00,0,0
1453688772,s1,90.00,2069.00,2159.00,2069,90,1.00,8.00,9.00,8,1,0.00,0.00,0,0
1453688772,eth0,152.00,395.00,547.00,395,152,2.00,2.00,4.00,2,2,0.00,0.00,0,0
1453688772,eth1,0.00,0.00,0.00,0,0,0.00,0.00,0.00,0,0,0.00,0.00,0,0
1453688772,s2,0.00,2159.00,2159.00,2159,0,0.00,9.00,9.00,9,0,0.00,0.00,0,0
1453688772,s1-eth2,28152.00,1222413.00,1250565.00,1222413,28152,415.00,420.00,835.00,420,415,0.00,0.00,0,0
1453688772,s1-eth1,1223546.00,27126.00,1250672.00,27126,1223546,425.00,411.00,836.00,411,425,0.00,0.00,0,0
1453688772,s3,90.00,1962.00,2052.00,1962,90,1.00,7.00,8.00,7,1,0.00,0.00,0,0
1453688772,s2-eth2,29088.00,1221477.00,1250565.00,1221477,29088,418.00,417.00,835.00,417,418,0.00,0.00,0,0
1453688772,s2-eth1,1222413.00,28152.00,1250565.00,28152,1222413,420.00,415.00,835.00,415,420,0.00,0.00,0,0
1453688772,lo,8645.00,8645.00,17290.00,8645,8645,81.00,81.00,162.00,81,81,0.00,0.00,0,0
1453688772,s4,0.00,0.00,0.00,0,0,0.00,0.00,0.00,0,0,0.00,0.00,0,0
1453688772,s3-eth2,30221.00,1220344.00,1250565.00,1220344,30221,423.00,412.00,835.00,412,423,0.00,0.00,0,0
1453688772,s3-eth1,1221477.00,29088.00,1250565.00,29088,1221477,417.00,418.00,835.00,418,417,0.00,0.00,0,0
1453688772,total,3763874.00,3763830.00,7527704.00,3763830,3763874,2603.00,2600.00,5203.00,2600,2603,0.00,0.00,0,0
1453688773,s5,0.00,0.00,0.00,0,0,0.00,0.00,0.00,0,0,0.00,0.00,0,0
1453688773,s1,0.00,434.00,434.00,434,0,0.00,2.00,2.00,2,0,0.00,0.00,0,0
1453688773,eth0,0.00,0.00,0.00,0,0,0.00,0.00,0.00,0,0,0.00,0.00,0,0
1453688773,eth1,0.00,0.00,0.00,0,0,0.00,0.00,0.00,0,0,0.00,0.00,0,0
1453688773,s2,0.00,434.00,434.00,434,0,0.00,2.00,2.00,2,0,0.00,0.00,0,0
1453688773,s1-eth2,27233.00,1217816.00,1245049.00,1217816,27233,412.00,413.00,825.00,413,412,0.00,0.00,0,0
1453688773,s1-eth1,1218143.00,27192.00,1245335.00,27192,1218143,414.00,412.00,826.00,412,414,0.00,0.00,0,0
1453688773,s3,0.00,214.00,214.00,214,0,0.00,2.00,2.00,2,0,0.00,0.00,0,0
1453688773,s2-eth2,27406.00,1220671.00,1248077.00,1220671,27406,414.00,413.00,827.00,413,414,0.00,0.00,0,0
1453688773,s2-eth1,1217816.00,27233.00,1245049.00,27233,1217816,413.00,412.00,825.00,412,413,0.00,0.00,0,0
1453688773,lo,1872.00,1872.00,3744.00,1872,1872,18.00,18.00,36.00,18,18,0.00,0.00,0,0
1453688773,s4,0.00,0.00,0.00,0,0,0.00,0.00,0.00,0,0,0.00,0.00,0,0
1453688773,s3-eth2,27667.00,1223306.00,1250973.00,1223306,27667,414.00,413.00,827.00,413,414,0.00,0.00,0,0
1453688773,s3-eth1,1220671.00,27406.00,1248077.00,27406,1220671,413.00,414.00,827.00,414,413,0.00,0.00,0,0
1453688773,total,3740808.00,3746578.00,7487386.00,3746578,3740808,2498.00,2501.00,4999.00,2501,2498,0.00,0.00,0,0
1453688774,s5,0.00,0.00,0.00,0,0,0.00,0.00,0.00,0,0,0.00,0.00,0,0
1453688774,s1,0.00,851.00,851.00,851,0,0.00,6.00,6.00,6,0,0.00,0.00,0,0
1453688774,eth0,60.00,60.00,120.00,60,60,1.00,1.00,2.00,1,1,0.00,0.00,0,0
1453688774,eth1,60.00,60.00,120.00,60,60,1.00,1.00,2.00,1,1,0.00,0.00,0,0
1453688774,s2,70.00,1108.00,1178.00,1108,70,1.00,6.00,7.00,6,1,0.00,0.00,0,0
1453688774,s1-eth2,27992.00,1224087.00,1252079.00,1224087,27992,417.00,418.00,835.00,418,417,0.00,0.00,0,0
1453688774,s1-eth1,1224461.00,27328.00,1251789.00,27328,1224461,420.00,414.00,834.00,414,420,0.00,0.00,0,0
1453688774,s3,0.00,1141.00,1141.00,1141,0,0.00,7.00,7.00,7,0,0.00,0.00,0,0
1453688774,s2-eth2,28399.00,1223680.00,1252079.00,1223680,28399,420.00,415.00,835.00,415,420,0.00,0.00,0,0
1453688774,s2-eth1,1224087.00,27992.00,1252079.00,27992,1224087,418.00,417.00,835.00,417,418,0.00,0.00,0,0
1453688774,lo,5898.00,5898.00,11796.00,5898,5898,60.00,60.00,120.00,60,60,0.00,0.00,0,0
1453688774,s4,0.00,0.00,0.00,0,0,0.00,0.00,0.00,0,0,0.00,0.00,0,0
1453688774,s3-eth2,28773.00,1223306.00,1252079.00,1223306,28773,422.00,413.00,835.00,413,422,0.00,0.00,0,0
1453688774,s3-eth1,1223680.00,28399.00,1252079.00,28399,1223680,415.00,420.00,835.00,420,415,0.00,0.00,0,0
1453688774,total,3763480.00,3763910.00,7527390.00,3763910,3763480,2575.00,2578.00,5153.00,2578,2575,0.00,0.00,0,0
1453688775,s5,0.00,0.00,0.00,0,0,0.00,0.00,0.00,0,0,0.00,0.00,0,0
1453688775,s1,70.00,1206.00,1276.00,1206,70,1.00,6.00,7.00,6,1,0.00,0.00,0,0
1453688775,eth0,0.00,0.00,0.00,0,0,0.00,0.00,0.00,0,0,0.00,0.00,0,0
1453688775,eth1,0.00,0.00,0.00,0,0,0.00,0.00,0.00,0,0,0.00,0.00,0,0
1453688775,s2,0.00,949.00,949.00,949,0,0.00,6.00,6.00,6,0,0.00,0.00,0,0
1453688775,s1-eth2,27262.00,1224512.00,1251774.00,1224512,27262,413.00,419.00,832.00,419,413,0.00,0.00,0,0
1453688775,s1-eth1,1222017.00,27192.00,1249209.00,27192,1222017,421.00,412.00,833.00,412,421,0.00,0.00,0,0
1453688775,s3,70.00,467.00,537.00,467,70,1.00,3.00,4.00,3,1,0.00,0.00,0,0
1453688775,s2-eth2,27589.00,1224185.00,1251774.00,1224185,27589,414.00,418.00,832.00,418,414,0.00,0.00,0,0
1453688775,s2-eth1,1224512.00,27262.00,1251774.00,27262,1224512,419.00,413.00,832.00,413,419,0.00,0.00,0,0
1453688775,lo,5248.00,5248.00,10496.00,5248,5248,57.00,57.00,114.00,57,57,0.00,0.00,0,0
1453688775,s4,0.00,0.00,0.00,0,0,0.00,0.00,0.00,0,0,0.00,0.00,0,0
1453688775,s3-eth2,28122.00,1220414.00,1248536.00,1220414,28122,418.00,413.00,831.00,413,418,0.00,0.00,0,0
1453688775,s3-eth1,1224185.00,27589.00,1251774.00,27589,1224185,418.00,414.00,832.00,414,418,0.00,0.00,0,0
1453688775,total,3759075.00,3759024.00,7518099.00,3759024,3759075,2562.00,2561.00,5123.00,2561,2562,0.00,0.00,0,0
1453688776,s5,0.00,0.00,0.00,0,0,0.00,0.00,0.00,0,0,0.00,0.00,0,0
1453688776,s1,0.00,0.00,0.00,0,0,0.00,0.00,0.00,0,0,0.00,0.00,0,0
1453688776,eth0,0.00,0.00,0.00,0,0,0.00,0.00,0.00,0,0,0.00,0.00,0,0
1453688776,eth1,0.00,0.00,0.00,0,0,0.00,0.00,0.00,0,0,0.00,0.00,0,0
1453688776,s2,0.00,0.00,0.00,0,0,0.00,0.00,0.00,0,0,0.00,0.00,0,0
1453688776,s1-eth2,27324.00,1223306.00,1250630.00,1223306,27324,414.00,413.00,827.00,413,414,0.00,0.00,0,0
1453688776,s1-eth1,1223306.00,27258.00,1250564.00,27258,1223306,413.00,413.00,826.00,413,413,0.00,0.00,0,0
1453688776,s3,0.00,0.00,0.00,0,0,0.00,0.00,0.00,0,0,0.00,0.00,0,0
1453688776,s2-eth2,27258.00,1223306.00,1250564.00,1223306,27258,413.00,413.00,826.00,413,413,0.00,0.00,0,0
1453688776,s2-eth1,1223306.00,27324.00,1250630.00,27324,1223306,413.00,414.00,827.00,414,413,0.00,0.00,0,0
1453688776,lo,0.00,0.00,0.00,0,0,0.00,0.00,0.00,0,0,0.00,0.00,0,0
1453688776,s4,0.00,0.00,0.00,0,0,0.00,0.00,0.00,0,0,0.00,0.00,0,0
1453688776,s3-eth2,27258.00,1226268.00,1253526.00,1226268,27258,413.00,414.00,827.00,414,413,0.00,0.00,0,0
1453688776,s3-eth1,1223306.00,27258.00,1250564.00,27258,1223306,413.00,413.00,826.00,413,413,0.00,0.00,0,0
1453688776,total,3751758.00,3754720.00,7506478.00,3754720,3751758,2479.00,2480.00,4959.00,2480,2479,0.00,0.00,0,0
1453688777,s5,0.00,0.00,0.00,0,0,0.00,0.00,0.00,0,0,0.00,0.00,0,0
1453688777,s1,0.00,107.00,107.00,107,0,0.00,1.00,1.00,1,0,0.00,0.00,0,0
1453688777,eth0,0.00,0.00,0.00,0,0,0.00,0.00,0.00,0,0,0.00,0.00,0,0
1453688777,eth1,0.00,0.00,0.00,0,0,0.00,0.00,0.00,0,0,0.00,0.00,0,0
1453688777,s2,0.00,107.00,107.00,107,0,0.00,1.00,1.00,1,0,0.00,0.00,0,0
1453688777,s1-eth2,27365.00,1223413.00,1250778.00,1223413,27365,414.00,414.00,828.00,414,414,0.00,0.00,0,0
1453688777,s1-eth1,1223413.00,27258.00,1250671.00,27258,1223413,414.00,413.00,827.00,413,414,0.00,0.00,0,0
1453688777,s3,0.00,214.00,214.00,214,0,0.00,2.00,2.00,2,0,0.00,0.00,0,0
1453688777,s2-eth2,27472.00,1223306.00,1250778.00,1223306,27472,415.00,413.00,828.00,413,415,0.00,0.00,0,0
1453688777,s2-eth1,1223413.00,27365.00,1250778.00,27365,1223413,414.00,414.00,828.00,414,414,0.00,0.00,0,0
1453688777,lo,1220.00,1220.00,2440.00,1220,1220,12.00,12.00,24.00,12,12,0.00,0.00,0,0
1453688777,s4,0.00,0.00,0.00,0,0,0.00,0.00,0.00,0,0,0.00,0.00,0,0
1453688777,s3-eth2,27472.00,1223306.00,1250778.00,1223306,27472,415.00,413.00,828.00,413,415,0.00,0.00,0,0
1453688777,s3-eth1,1223306.00,27472.00,1250778.00,27472,1223306,413.00,415.00,828.00,415,413,0.00,0.00,0,0
1453688777,total,3753661.00,3753768.00,7507429.00,3753768,3753661,2497.00,2498.00,4995.00,2498,2497,0.00,0.00,0,0
1453688778,s5,0.00,0.00,0.00,0,0,0.00,0.00,0.00,0,0,0.00,0.00,0,0
1453688778,s1,0.00,659.00,659.00,659,0,0.00,5.00,5.00,5,0,0.00,0.00,0,0
1453688778,eth0,0.00,0.00,0.00,0,0,0.00,0.00,0.00,0,0,0.00,0.00,0,0
1453688778,eth1,0.00,0.00,0.00,0,0,0.00,0.00,0.00,0,0,0.00,0.00,0,0
1453688778,s2,70.00,589.00,659.00,589,70,1.00,4.00,5.00,4,1,0.00,0.00,0,0
1453688778,s1-eth2,27332.00,1223895.00,1251227.00,1223895,27332,414.00,417.00,831.00,417,414,0.00,0.00,0,0
1453688778,s1-eth1,1223932.00,27328.00,1251260.00,27328,1223932,417.00,414.00,831.00,414,417,0.00,0.00,0,0
1453688778,s3,0.00,280.00,280.00,280,0,0.00,4.00,4.00,4,0,0.00,0.00,0,0
1453688778,s2-eth2,27538.00,1223755.00,1251293.00,1223755,27538,417.00,415.00,832.00,415,417,0.00,0.00,0,0
1453688778,s2-eth1,1223895.00,27332.00,1251227.00,27332,1223895,417.00,414.00,831.00,414,417,0.00,0.00,0,0
1453688778,lo,3942.00,3942.00,7884.00,3942,3942,42.00,42.00,84.00,42,42,0.00,0.00,0,0
1453688778,s4,0.00,0.00,0.00,0,0,0.00,0.00,0.00,0,0,0.00,0.00,0,0
1453688778,s3-eth2,27921.00,1223306.00,1251227.00,1223306,27921,418.00,413.00,831.00,413,418,0.00,0.00,0,0
1453688778,s3-eth1,1223755.00,27538.00,1251293.00,27538,1223755,415.00,417.00,832.00,417,415,0.00,0.00,0,0
1453688778,total,3758385.00,3758624.00,7517009.00,3758624,3758385,2541.00,2545.00,5086.00,2545,2541,0.00,0.00,0,0
1453688779,s5,0.00,0.00,0.00,0,0,0.00,0.00,0.00,0,0,0.00,0.00,0,0
1453688779,s1,70.00,210.00,280.00,210,70,1.00,3.00,4.00,3,1,0.00,0.00,0,0
1453688779,eth0,0.00,0.00,0.00,0,0,0.00,0.00,0.00,0,0,0.00,0.00,0,0
1453688779,eth1,0.00,0.00,0.00,0,0,0.00,0.00,0.00,0,0,0.00,0.00,0,0
1453688779,s2,0.00,280.00,280.00,280,0,0.00,4.00,4.00,4,0,0.00,0.00,0,0
1453688779,s1-eth2,27328.00,1220554.00,1247882.00,1220554,27328,414.00,415.00,829.00,415,414,0.00,0.00,0,0
1453688779,s1-eth1,1223726.00,27258.00,1250984.00,27258,1223726,419.00,413.00,832.00,413,419,0.00,0.00,0,0
1453688779,s3,70.00,482.00,552.00,482,70,1.00,3.00,4.00,3,1,0.00,0.00,0,0
1453688779,s2-eth2,27670.00,1223516.00,1251186.00,1223516,27670,415.00,416.00,831.00,416,415,0.00,0.00,0,0
1453688779,s2-eth1,1220554.00,27328.00,1247882.00,27328,1220554,415.00,414.00,829.00,414,415,0.00,0.00,0,0
1453688779,lo,3274.00,3274.00,6548.00,3274,3274,36.00,36.00,72.00,36,36,0.00,0.00,0,0
1453688779,s4,0.00,0.00,0.00,0,0,0.00,0.00,0.00,0,0,0.00,0.00,0,0
1453688779,s3-eth2,27810.00,1220414.00,1248224.00,1220414,27810,417.00,413.00,830.00,413,417,0.00,0.00,0,0
1453688779,s3-eth1,1223516.00,27670.00,1251186.00,27670,1223516,416.00,415.00,831.00,415,416,0.00,0.00,0,0
1453688779,total,3754018.00,3750986.00,7505004.00,3750986,3754018,2534.00,2532.00,5066.00,2532,2534,0.00,0.00,0,0
1453688780,s5,0.00,0.00,0.00,0,0,0.00,0.00,0.00,0,0,0.00,0.00,0,0
1453688780,s1,0.00,342.00,342.00,342,0,0.00,1.00,1.00,1,0,0.00,0.00,0,0
1453688780,eth0,0.00,0.00,0.00,0,0,0.00,0.00,0.00,0,0,0.00,0.00,0,0
1453688780,eth1,0.00,0.00,0.00,0,0,0.00,0.00,0.00,0,0,0.00,0.00,0,0
1453688780,s2,0.00,342.00,342.00,342,0,0.00,1.00,1.00,1,0,0.00,0.00,0,0
1453688780,s1-eth2,27600.00,1233416.00,1261016.00,1233416,27600,414.00,562.00,976.00,562,414,0.00,0.00,0,0
1453688780,s1-eth1,1233758.00,27192.00,1260950.00,27192,1233758,563.00,412.00,975.00,412,563,0.00,0.00,0,0
1453688780,s3,0.00,342.00,342.00,342,0,0.00,1.00,1.00,1,0,0.00,0.00,0,0
1453688780,s2-eth2,27534.00,1233074.00,1260608.00,1233074,27534,413.00,561.00,974.00,561,413,0.00,0.00,0,0
1453688780,s2-eth1,1233416.00,27600.00,1261016.00,27600,1233416,562.00,414.00,976.00,414,562,0.00,0.00,0,0
1453688780,lo,1322.00,1322.00,2644.00,1322,1322,15.00,15.00,30.00,15,15,0.00,0.00,0,0
1453688780,s4,0.00,0.00,0.00,0,0,0.00,0.00,0.00,0,0,0.00,0.00,0,0
1453688780,s3-eth2,27600.00,1233074.00,1260674.00,1233074,27600,414.00,561.00,975.00,561,414,0.00,0.00,0,0
1453688780,s3-eth1,1233074.00,27534.00,1260608.00,27534,1233074,561.00,413.00,974.00,413,561,0.00,0.00,0,0
1453688780,total,3784304.00,3784238.00,7568542.00,3784238,3784304,2942.00,2941.00,5883.00,2941,2942,0.00,0.00,0,0
1453688781,s5,0.00,0.00,0.00,0,0,0.00,0.00,0.00,0,0,0.00,0.00,0,0
1453688781,s1,0.00,0.00,0.00,0,0,0.00,0.00,0.00,0,0,0.00,0.00,0,0
1453688781,eth0,0.00,0.00,0.00,0,0,0.00,0.00,0.00,0,0,0.00,0.00,0,0
1453688781,eth1,0.00,0.00,0.00,0,0,0.00,0.00,0.00,0,0,0.00,0.00,0,0
1453688781,s2,0.00,0.00,0.00,0,0,0.00,0.00,0.00,0,0,0.00,0.00,0,0
1453688781,s1-eth2,27258.00,1223306.00,1250564.00,1223306,27258,413.00,413.00,826.00,413,413,0.00,0.00,0,0
1453688781,s1-eth1,1223306.00,27258.00,1250564.00,27258,1223306,413.00,413.00,826.00,413,413,0.00,0.00,0,0
1453688781,s3,0.00,0.00,0.00,0,0,0.00,0.00,0.00,0,0,0.00,0.00,0,0
1453688781,s2-eth2,27324.00,1223306.00,1250630.00,1223306,27324,414.00,413.00,827.00,413,414,0.00,0.00,0,0
1453688781,s2-eth1,1223306.00,27258.00,1250564.00,27258,1223306,413.00,413.00,826.00,413,413,0.00,0.00,0,0
1453688781,lo,0.00,0.00,0.00,0,0,0.00,0.00,0.00,0,0,0.00,0.00,0,0
1453688781,s4,0.00,0.00,0.00,0,0,0.00,0.00,0.00,0,0,0.00,0.00,0,0
1453688781,s3-eth2,27258.00,1223306.00,1250564.00,1223306,27258,413.00,413.00,826.00,413,413,0.00,0.00,0,0
1453688781,s3-eth1,1223306.00,27324.00,1250630.00,27324,1223306,413.00,414.00,827.00,414,413,0.00,0.00,0,0
1453688781,total,3751758.00,3751758.00,7503516.00,3751758,3751758,2479.00,2479.00,4958.00,2479,2479,0.00,0.00,0,0
1453688782,s5,0.00,0.00,0.00,0,0,0.00,0.00,0.00,0,0,0.00,0.00,0,0
1453688782,s1,0.00,0.00,0.00,0,0,0.00,0.00,0.00,0,0,0.00,0.00,0,0
1453688782,eth0,0.00,0.00,0.00,0,0,0.00,0.00,0.00,0,0,0.00,0.00,0,0
1453688782,eth1,0.00,0.00,0.00,0,0,0.00,0.00,0.00,0,0,0.00,0.00,0,0
1453688782,s2,0.00,0.00,0.00,0,0,0.00,0.00,0.00,0,0,0.00,0.00,0,0
1453688782,s1-eth2,27258.00,1223306.00,1250564.00,1223306,27258,413.00,413.00,826.00,413,413,0.00,0.00,0,0
1453688782,s1-eth1,1223306.00,27258.00,1250564.00,27258,1223306,413.00,413.00,826.00,413,413,0.00,0.00,0,0
1453688782,s3,0.00,0.00,0.00,0,0,0.00,0.00,0.00,0,0,0.00,0.00,0,0
1453688782,s2-eth2,27192.00,1223306.00,1250498.00,1223306,27192,412.00,413.00,825.00,413,412,0.00,0.00,0,0
1453688782,s2-eth1,1223306.00,27258.00,1250564.00,27258,1223306,413.00,413.00,826.00,413,413,0.00,0.00,0,0
1453688782,lo,0.00,0.00,0.00,0,0,0.00,0.00,0.00,0,0,0.00,0.00,0,0
1453688782,s4,0.00,0.00,0.00,0,0,0.00,0.00,0.00,0,0,0.00,0.00,0,0
1453688782,s3-eth2,27258.00,1223306.00,1250564.00,1223306,27258,413.00,413.00,826.00,413,413,0.00,0.00,0,0
1453688782,s3-eth1,1223306.00,27192.00,1250498.00,27192,1223306,413.00,412.00,825.00,412,413,0.00,0.00,0,0
1453688782,total,3751626.00,3751626.00,7503252.00,3751626,3751626,2477.00,2477.00,4954.00,2477,2477,0.00,0.00,0,0
1453688783,s5,0.00,0.00,0.00,0,0,0.00,0.00,0.00,0,0,0.00,0.00,0,0
1453688783,s1,0.00,0.00,0.00,0,0,0.00,0.00,0.00,0,0,0.00,0.00,0,0
1453688783,eth0,0.00,0.00,0.00,0,0,0.00,0.00,0.00,0,0,0.00,0.00,0,0
1453688783,eth1,0.00,0.00,0.00,0,0,0.00,0.00,0.00,0,0,0.00,0.00,0,0
1453688783,s2,0.00,0.00,0.00,0,0,0.00,0.00,0.00,0,0,0.00,0.00,0,0
1453688783,s1-eth2,27258.00,1223306.00,1250564.00,1223306,27258,413.00,413.00,826.00,413,413,0.00,0.00,0,0
1453688783,s1-eth1,1223306.00,27258.00,1250564.00,27258,1223306,413.00,413.00,826.00,413,413,0.00,0.00,0,0
1453688783,s3,0.00,0.00,0.00,0,0,0.00,0.00,0.00,0,0,0.00,0.00,0,0
1453688783,s2-eth2,27324.00,1223306.00,1250630.00,1223306,27324,414.00,413.00,827.00,413,414,0.00,0.00,0,0
1453688783,s2-eth1,1223306.00,27258.00,1250564.00,27258,1223306,413.00,413.00,826.00,413,413,0.00,0.00,0,0
1453688783,lo,0.00,0.00,0.00,0,0,0.00,0.00,0.00,0,0,0.00,0.00,0,0
1453688783,s4,0.00,0.00,0.00,0,0,0.00,0.00,0.00,0,0,0.00,0.00,0,0
1453688783,s3-eth2,27258.00,1226268.00,1253526.00,1226268,27258,413.00,414.00,827.00,414,413,0.00,0.00,0,0
1453688783,s3-eth1,1223306.00,27324.00,1250630.00,27324,1223306,413.00,414.00,827.00,414,413,0.00,0.00,0,0
1453688783,total,3751758.00,3754720.00,7506478.00,3754720,3751758,2479.00,2480.00,4959.00,2480,2479,0.00,0.00,0,0
1453688784,s5,0.00,0.00,0.00,0,0,0.00,0.00,0.00,0,0,0.00,0.00,0,0
1453688784,s1,0.00,0.00,0.00,0,0,0.00,0.00,0.00,0,0,0.00,0.00,0,0
1453688784,eth0,0.00,0.00,0.00,0,0,0.00,0.00,0.00,0,0,0.00,0.00,0,0
1453688784,eth1,0.00,0.00,0.00,0,0,0.00,0.00,0.00,0,0,0.00,0.00,0,0
1453688784,s2,0.00,0.00,0.00,0,0,0.00,0.00,0.00,0,0,0.00,0.00,0,0
1453688784,s1-eth2,27258.00,1223306.00,1250564.00,1223306,27258,413.00,413.00,826.00,413,413,0.00,0.00,0,0
1453688784,s1-eth1,1223306.00,27258.00,1250564.00,27258,1223306,413.00,413.00,826.00,413,413,0.00,0.00,0,0
1453688784,s3,0.00,0.00,0.00,0,0,0.00,0.00,0.00,0,0,0.00,0.00,0,0
1453688784,s2-eth2,27258.00,1223306.00,1250564.00,1223306,27258,413.00,413.00,826.00,413,413,0.00,0.00,0,0
1453688784,s2-eth1,1223306.00,27258.00,1250564.00,27258,1223306,413.00,413.00,826.00,413,413,0.00,0.00,0,0
1453688784,lo,516.00,516.00,1032.00,516,516,9.00,9.00,18.00,9,9,0.00,0.00,0,0
1453688784,s4,0.00,0.00,0.00,0,0,0.00,0.00,0.00,0,0,0.00,0.00,0,0
1453688784,s3-eth2,27258.00,1223306.00,1250564.00,1223306,27258,413.00,413.00,826.00,413,413,0.00,0.00,0,0
1453688784,s3-eth1,1223306.00,27258.00,1250564.00,27258,1223306,413.00,413.00,826.00,413,413,0.00,0.00,0,0
1453688784,total,3752208.00,3752208.00,7504416.00,3752208,3752208,2487.00,2487.00,4974.00,2487,2487,0.00,0.00,0,0
1453688785,s5,0.00,0.00,0.00,0,0,0.00,0.00,0.00,0,0,0.00,0.00,0,0
1453688785,s1,0.00,107.00,107.00,107,0,0.00,1.00,1.00,1,0,0.00,0.00,0,0
1453688785,eth0,0.00,0.00,0.00,0,0,0.00,0.00,0.00,0,0,0.00,0.00,0,0
1453688785,eth1,0.00,0.00,0.00,0,0,0.00,0.00,0.00,0,0,0.00,0.00,0,0
1453688785,s2,0.00,107.00,107.00,107,0,0.00,1.00,1.00,1,0,0.00,0.00,0,0
1453688785,s1-eth2,27365.00,1223413.00,1250778.00,1223413,27365,414.00,414.00,828.00,414,414,0.00,0.00,0,0
1453688785,s1-eth1,1223413.00,27258.00,1250671.00,27258,1223413,414.00,413.00,827.00,413,414,0.00,0.00,0,0
1453688785,s3,0.00,214.00,214.00,214,0,0.00,2.00,2.00,2,0,0.00,0.00,0,0
1453688785,s2-eth2,27472.00,1223306.00,1250778.00,1223306,27472,415.00,413.00,828.00,413,415,0.00,0.00,0,0
1453688785,s2-eth1,1223413.00,27365.00,1250778.00,27365,1223413,414.00,414.00,828.00,414,414,0.00,0.00,0,0
1453688785,lo,1564.00,1564.00,3128.00,1564,1564,18.00,18.00,36.00,18,18,0.00,0.00,0,0
1453688785,s4,0.00,0.00,0.00,0,0,0.00,0.00,0.00,0,0,0.00,0.00,0,0
1453688785,s3-eth2,27472.00,1223306.00,1250778.00,1223306,27472,415.00,413.00,828.00,413,415,0.00,0.00,0,0
1453688785,s3-eth1,1223306.00,27472.00,1250778.00,27472,1223306,413.00,415.00,828.00,415,413,0.00,0.00,0,0
1453688785,total,3754005.00,3754112.00,7508117.00,3754112,3754005,2503.00,2504.00,5007.00,2504,2503,0.00,0.00,0,0
1453688786,s5,0.00,0.00,0.00,0,0,0.00,0.00,0.00,0,0,0.00,0.00,0,0
1453688786,s1,0.00,449.00,449.00,449,0,0.00,2.00,2.00,2,0,0.00,0.00,0,0
1453688786,eth0,0.00,0.00,0.00,0,0,0.00,0.00,0.00,0,0,0.00,0.00,0,0
1453688786,eth1,0.00,0.00,0.00,0,0,0.00,0.00,0.00,0,0,0.00,0.00,0,0
1453688786,s2,0.00,449.00,449.00,449,0,0.00,2.00,2.00,2,0,0.00,0.00,0,0
1453688786,s1-eth2,27258.00,1223755.00,1251013.00,1223755,27258,413.00,415.00,828.00,415,413,0.00,0.00,0,0
1453688786,s1-eth1,1223862.00,27258.00,1251120.00,27258,1223862,416.00,413.00,829.00,413,416,0.00,0.00,0,0
1453688786,s3,0.00,0.00,0.00,0,0,0.00,0.00,0.00,0,0,0.00,0.00,0,0
1453688786,s2-eth2,27192.00,1223755.00,1250947.00,1223755,27192,412.00,415.00,827.00,415,412,0.00,0.00,0,0
1453688786,s2-eth1,1223755.00,27258.00,1251013.00,27258,1223755,415.00,413.00,828.00,413,415,0.00,0.00,0,0
1453688786,lo,1262.00,1262.00,2524.00,1262,1262,12.00,12.00,24.00,12,12,0.00,0.00,0,0
1453688786,s4,0.00,0.00,0.00,0,0,0.00,0.00,0.00,0,0,0.00,0.00,0,0
1453688786,s3-eth2,27365.00,1223306.00,1250671.00,1223306,27365,414.00,413.00,827.00,413,414,0.00,0.00,0,0
1453688786,s3-eth1,1223755.00,27192.00,1250947.00,27192,1223755,415.00,412.00,827.00,412,415,0.00,0.00,0,0
1453688786,total,3754449.00,3754684.00,7509133.00,3754684,3754449,2497.00,2497.00,4994.00,2497,2497,0.00,0.00,0,0
1453688787,s5,0.00,0.00,0.00,0,0,0.00,0.00,0.00,0,0,0.00,0.00,0,0
1453688787,s1,0.00,0.00,0.00,0,0,0.00,0.00,0.00,0,0,0.00,0.00,0,0
1453688787,eth0,0.00,0.00,0.00,0,0,0.00,0.00,0.00,0,0,0.00,0.00,0,0
1453688787,eth1,0.00,0.00,0.00,0,0,0.00,0.00,0.00,0,0,0.00,0.00,0,0
1453688787,s2,0.00,0.00,0.00,0,0,0.00,0.00,0.00,0,0,0.00,0.00,0,0
1453688787,s1-eth2,27258.00,1223306.00,1250564.00,1223306,27258,413.00,413.00,826.00,413,413,0.00,0.00,0,0
1453688787,s1-eth1,1223306.00,27258.00,1250564.00,27258,1223306,413.00,413.00,826.00,413,413,0.00,0.00,0,0
1453688787,s3,0.00,0.00,0.00,0,0,0.00,0.00,0.00,0,0,0.00,0.00,0,0
1453688787,s2-eth2,27258.00,1223306.00,1250564.00,1223306,27258,413.00,413.00,826.00,413,413,0.00,0.00,0,0
1453688787,s2-eth1,1223306.00,27258.00,1250564.00,27258,1223306,413.00,413.00,826.00,413,413,0.00,0.00,0,0
1453688787,lo,0.00,0.00,0.00,0,0,0.00,0.00,0.00,0,0,0.00,0.00,0,0
1453688787,s4,0.00,0.00,0.00,0,0,0.00,0.00,0.00,0,0,0.00,0.00,0,0
1453688787,s3-eth2,27258.00,1223306.00,1250564.00,1223306,27258,413.00,413.00,826.00,413,413,0.00,0.00,0,0
1453688787,s3-eth1,1223306.00,27258.00,1250564.00,27258,1223306,413.00,413.00,826.00,413,413,0.00,0.00,0,0
1453688787,total,3751692.00,3751692.00,7503384.00,3751692,3751692,2478.00,2478.00,4956.00,2478,2478,0.00,0.00,0,0
1453688788,s5,0.00,0.00,0.00,0,0,0.00,0.00,0.00,0,0,0.00,0.00,0,0
1453688788,s1,0.00,0.00,0.00,0,0,0.00,0.00,0.00,0,0,0.00,0.00,0,0
1453688788,eth0,0.00,0.00,0.00,0,0,0.00,0.00,0.00,0,0,0.00,0.00,0,0
1453688788,eth1,0.00,0.00,0.00,0,0,0.00,0.00,0.00,0,0,0.00,0.00,0,0
1453688788,s2,0.00,0.00,0.00,0,0,0.00,0.00,0.00,0,0,0.00,0.00,0,0
1453688788,s1-eth2,27258.00,1223306.00,1250564.00,1223306,27258,413.00,413.00,826.00,413,413,0.00,0.00,0,0
1453688788,s1-eth1,1223306.00,27258.00,1250564.00,27258,1223306,413.00,413.00,826.00,413,413,0.00,0.00,0,0
1453688788,s3,0.00,0.00,0.00,0,0,0.00,0.00,0.00,0,0,0.00,0.00,0,0
1453688788,s2-eth2,27258.00,1223306.00,1250564.00,1223306,27258,413.00,413.00,826.00,413,413,0.00,0.00,0,0
1453688788,s2-eth1,1223306.00,27258.00,1250564.00,27258,1223306,413.00,413.00,826.00,413,413,0.00,0.00,0,0
1453688788,lo,0.00,0.00,0.00,0,0,0.00,0.00,0.00,0,0,0.00,0.00,0,0
1453688788,s4,0.00,0.00,0.00,0,0,0.00,0.00,0.00,0,0,0.00,0.00,0,0
1453688788,s3-eth2,27258.00,1223306.00,1250564.00,1223306,27258,413.00,413.00,826.00,413,413,0.00,0.00,0,0
1453688788,s3-eth1,1223306.00,27258.00,1250564.00,27258,1223306,413.00,413.00,826.00,413,413,0.00,0.00,0,0
1453688788,total,3751692.00,3751692.00,7503384.00,3751692,3751692,2478.00,2478.00,4956.00,2478,2478,0.00,0.00,0,0
1453688789,s5,0.00,0.00,0.00,0,0,0.00,0.00,0.00,0,0,0.00,0.00,0,0
1453688789,s1,0.00,0.00,0.00,0,0,0.00,0.00,0.00,0,0,0.00,0.00,0,0
1453688789,eth0,0.00,0.00,0.00,0,0,0.00,0.00,0.00,0,0,0.00,0.00,0,0
1453688789,eth1,0.00,0.00,0.00,0,0,0.00,0.00,0.00,0,0,0.00,0.00,0,0
1453688789,s2,0.00,0.00,0.00,0,0,0.00,0.00,0.00,0,0,0.00,0.00,0,0
1453688789,s1-eth2,27258.00,1223306.00,1250564.00,1223306,27258,413.00,413.00,826.00,413,413,0.00,0.00,0,0
1453688789,s1-eth1,1223648.00,27258.00,1250906.00,27258,1223648,414.00,413.00,827.00,413,414,0.00,0.00,0,0
1453688789,s3,0.00,342.00,342.00,342,0,0.00,1.00,1.00,1,0,0.00,0.00,0,0
1453688789,s2-eth2,27600.00,1223306.00,1250906.00,1223306,27600,414.00,413.00,827.00,413,414,0.00,0.00,0,0
1453688789,s2-eth1,1223306.00,27258.00,1250564.00,27258,1223306,413.00,413.00,826.00,413,413,0.00,0.00,0,0
1453688789,lo,326.00,326.00,652.00,326,326,3.00,3.00,6.00,3,3,0.00,0.00,0,0
1453688789,s4,0.00,0.00,0.00,0,0,0.00,0.00,0.00,0,0,0.00,0.00,0,0
1453688789,s3-eth2,27600.00,1223306.00,1250906.00,1223306,27600,414.00,413.00,827.00,413,414,0.00,0.00,0,0
1453688789,s3-eth1,1223306.00,27600.00,1250906.00,27600,1223306,413.00,414.00,827.00,414,413,0.00,0.00,0,0
1453688789,total,3753044.00,3752702.00,7505746.00,3752702,3753044,2484.00,2483.00,4967.00,2483,2484,0.00,0.00,0,0
1453688790,s5,0.00,0.00,0.00,0,0,0.00,0.00,0.00,0,0,0.00,0.00,0,0
1453688790,s1,0.00,342.00,342.00,342,0,0.00,1.00,1.00,1,0,0.00,0.00,0,0
1453688790,eth0,0.00,0.00,0.00,0,0,0.00,0.00,0.00,0,0,0.00,0.00,0,0
1453688790,eth1,0.00,0.00,0.00,0,0,0.00,0.00,0.00,0,0,0.00,0.00,0,0
1453688790,s2,0.00,342.00,342.00,342,0,0.00,1.00,1.00,1,0,0.00,0.00,0,0
1453688790,s1-eth2,27534.00,1223648.00,1251182.00,1223648,27534,413.00,414.00,827.00,414,413,0.00,0.00,0,0
1453688790,s1-eth1,1220686.00,27258.00,1247944.00,27258,1220686,413.00,413.00,826.00,413,413,0.00,0.00,0,0
1453688790,s3,0.00,342.00,342.00,342,0,0.00,1.00,1.00,1,0,0.00,0.00,0,0
1453688790,s2-eth2,27600.00,1223306.00,1250906.00,1223306,27600,414.00,413.00,827.00,413,414,0.00,0.00,0,0
1453688790,s2-eth1,1223648.00,27534.00,1251182.00,27534,1223648,414.00,413.00,827.00,413,414,0.00,0.00,0,0
1453688790,lo,1322.00,1322.00,2644.00,1322,1322,15.00,15.00,30.00,15,15,0.00,0.00,0,0
1453688790,s4,0.00,0.00,0.00,0,0,0.00,0.00,0.00,0,0,0.00,0.00,0,0
1453688790,s3-eth2,27600.00,1223306.00,1250906.00,1223306,27600,414.00,413.00,827.00,413,414,0.00,0.00,0,0
1453688790,s3-eth1,1223306.00,27600.00,1250906.00,27600,1223306,413.00,414.00,827.00,414,413,0.00,0.00,0,0
1453688790,total,3751696.00,3755000.00,7506696.00,3755000,3751696,2496.00,2498.00,4994.00,2498,2496,0.00,0.00,0,0
1453688791,s5,0.00,0.00,0.00,0,0,0.00,0.00,0.00,0,0,0.00,0.00,0,0
1453688791,s1,0.00,0.00,0.00,0,0,0.00,0.00,0.00,0,0,0.00,0.00,0,0
1453688791,eth0,0.00,288.00,288.00,288,0,0.00,1.00,1.00,1,0,0.00,0.00,0,0
1453688791,eth1,0.00,288.00,288.00,288,0,0.00,1.00,1.00,1,0,0.00,0.00,0,0
1453688791,s2,0.00,0.00,0.00,0,0,0.00,0.00,0.00,0,0,0.00,0.00,0,0
1453688791,s1-eth2,27324.00,1223306.00,1250630.00,1223306,27324,414.00,413.00,827.00,413,414,0.00,0.00,0,0
1453688791,s1-eth1,1223306.00,27258.00,1250564.00,27258,1223306,413.00,413.00,826.00,413,413,0.00,0.00,0,0
1453688791,s3,0.00,0.00,0.00,0,0,0.00,0.00,0.00,0,0,0.00,0.00,0,0
1453688791,s2-eth2,27258.00,1223306.00,1250564.00,1223306,27258,413.00,413.00,826.00,413,413,0.00,0.00,0,0
1453688791,s2-eth1,1223306.00,27324.00,1250630.00,27324,1223306,413.00,414.00,827.00,414,413,0.00,0.00,0,0
1453688791,lo,0.00,0.00,0.00,0,0,0.00,0.00,0.00,0,0,0.00,0.00,0,0
1453688791,s4,0.00,0.00,0.00,0,0,0.00,0.00,0.00,0,0,0.00,0.00,0,0
1453688791,s3-eth2,27258.00,1223306.00,1250564.00,1223306,27258,413.00,413.00,826.00,413,413,0.00,0.00,0,0
1453688791,s3-eth1,1223306.00,27258.00,1250564.00,27258,1223306,413.00,413.00,826.00,413,413,0.00,0.00,0,0
1453688791,total,3751758.00,3752334.00,7504092.00,3752334,3751758,2479.00,2481.00,4960.00,2481,2479,0.00,0.00,0,0
1453688792,s5,0.00,0.00,0.00,0,0,0.00,0.00,0.00,0,0,0.00,0.00,0,0
1453688792,s1,0.00,0.00,0.00,0,0,0.00,0.00,0.00,0,0,0.00,0.00,0,0
1453688792,eth0,0.00,0.00,0.00,0,0,0.00,0.00,0.00,0,0,0.00,0.00,0,0
1453688792,eth1,0.00,0.00,0.00,0,0,0.00,0.00,0.00,0,0,0.00,0.00,0,0
1453688792,s2,0.00,0.00,0.00,0,0,0.00,0.00,0.00,0,0,0.00,0.00,0,0
1453688792,s1-eth2,27192.00,1223306.00,1250498.00,1223306,27192,412.00,413.00,825.00,413,412,0.00,0.00,0,0
1453688792,s1-eth1,1223306.00,27258.00,1250564.00,27258,1223306,413.00,413.00,826.00,413,413,0.00,0.00,0,0
1453688792,s3,0.00,0.00,0.00,0,0,0.00,0.00,0.00,0,0,0.00,0.00,0,0
1453688792,s2-eth2,27258.00,1223306.00,1250564.00,1223306,27258,413.00,413.00,826.00,413,413,0.00,0.00,0,0
1453688792,s2-eth1,1223306.00,27192.00,1250498.00,27192,1223306,413.00,412.00,825.00,412,413,0.00,0.00,0,0
1453688792,lo,0.00,0.00,0.00,0,0,0.00,0.00,0.00,0,0,0.00,0.00,0,0
1453688792,s4,0.00,0.00,0.00,0,0,0.00,0.00,0.00,0,0,0.00,0.00,0,0
1453688792,s3-eth2,27600.00,1223306.00,1250906.00,1223306,27600,414.00,413.00,827.00,413,414,0.00,0.00,0,0
1453688792,s3-eth1,1223306.00,27258.00,1250564.00,27258,1223306,413.00,413.00,826.00,413,413,0.00,0.00,0,0
1453688792,total,3751968.00,3751626.00,7503594.00,3751626,3751968,2478.00,2477.00,4955.00,2477,2478,0.00,0.00,0,0
1453688793,s5,0.00,0.00,0.00,0,0,0.00,0.00,0.00,0,0,0.00,0.00,0,0
1453688793,s1,0.00,0.00,0.00,0,0,0.00,0.00,0.00,0,0,0.00,0.00,0,0
1453688793,eth0,0.00,0.00,0.00,0,0,0.00,0.00,0.00,0,0,0.00,0.00,0,0
1453688793,eth1,0.00,0.00,0.00,0,0,0.00,0.00,0.00,0,0,0.00,0.00,0,0
1453688793,s2,0.00,0.00,0.00,0,0,0.00,0.00,0.00,0,0,0.00,0.00,0,0
1453688793,s1-eth2,27324.00,1223702.00,1251026.00,1223702,27324,414.00,419.00,833.00,419,414,0.00,0.00,0,0
1453688793,s1-eth1,1223636.00,27258.00,1250894.00,27258,1223636,418.00,413.00,831.00,413,418,0.00,0.00,0,0
1453688793,s3,0.00,0.00,0.00,0,0,0.00,0.00,0.00,0,0,0.00,0.00,0,0
1453688793,s2-eth2,27258.00,1222386.00,1249644.00,1222386,27258,413.00,421.00,834.00,421,413,0.00,0.00,0,0
1453688793,s2-eth1,1223702.00,27324.00,1251026.00,27324,1223702,419.00,414.00,833.00,414,419,0.00,0.00,0,0
1453688793,lo,0.00,0.00,0.00,0,0,0.00,0.00,0.00,0,0,0.00,0.00,0,0
1453688793,s4,0.00,0.00,0.00,0,0,0.00,0.00,0.00,0,0,0.00,0.00,0,0
1453688793,s3-eth2,27192.00,1223900.00,1251092.00,1223900,27192,412.00,422.00,834.00,422,412,0.00,0.00,0,0
1453688793,s3-eth1,1222386.00,27258.00,1249644.00,27258,1222386,421.00,413.00,834.00,413,421,0.00,0.00,0,0
1453688793,total,3751498.00,3751828.00,7503326.00,3751828,3751498,2497.00,2502.00,4999.00,2502,2497,0.00,0.00,0,0
1453688794,s5,0.00,0.00,0.00,0,0,0.00,0.00,0.00,0,0,0.00,0.00,0,0
1453688794,s1,0.00,0.00,0.00,0,0,0.00,0.00,0.00,0,0,0.00,0.00,0,0
1453688794,eth0,0.00,0.00,0.00,0,0,0.00,0.00,0.00,0,0,0.00,0.00,0,0
1453688794,eth1,0.00,0.00,0.00,0,0,0.00,0.00,0.00,0,0,0.00,0.00,0,0
1453688794,s2,0.00,0.00,0.00,0,0,0.00,0.00,0.00,0,0,0.00,0.00,0,0
1453688794,s1-eth2,27258.00,1227332.00,1254590.00,1227332,27258,413.00,474.00,887.00,474,413,0.00,0.00,0,0
1453688794,s1-eth1,1227398.00,27258.00,1254656.00,27258,1227398,475.00,413.00,888.00,413,475,0.00,0.00,0,0
1453688794,s3,0.00,0.00,0.00,0,0,0.00,0.00,0.00,0,0,0.00,0.00,0,0
1453688794,s2-eth2,27258.00,1228648.00,1255906.00,1228648,27258,413.00,472.00,885.00,472,413,0.00,0.00,0,0
1453688794,s2-eth1,1227332.00,27258.00,1254590.00,27258,1227332,474.00,413.00,887.00,413,474,0.00,0.00,0,0
1453688794,lo,0.00,0.00,0.00,0,0,0.00,0.00,0.00,0,0,0.00,0.00,0,0
1453688794,s4,0.00,0.00,0.00,0,0,0.00,0.00,0.00,0,0,0.00,0.00,0,0
1453688794,s3-eth2,27324.00,1227134.00,1254458.00,1227134,27324,414.00,471.00,885.00,471,414,0.00,0.00,0,0
1453688794,s3-eth1,1228648.00,27258.00,1255906.00,27258,1228648,472.00,413.00,885.00,413,472,0.00,0.00,0,0
1453688794,total,3765218.00,3764888.00,7530106.00,3764888,3765218,2661.00,2656.00,5317.00,2656,2661,0.00,0.00,0,0
1453688795,s5,0.00,0.00,0.00,0,0,0.00,0.00,0.00,0,0,0.00,0.00,0,0
1453688795,s1,0.00,0.00,0.00,0,0,0.00,0.00,0.00,0,0,0.00,0.00,0,0
1453688795,eth0,0.00,0.00,0.00,0,0,0.00,0.00,0.00,0,0,0.00,0.00,0,0
1453688795,eth1,0.00,0.00,0.00,0,0,0.00,0.00,0.00,0,0,0.00,0.00,0,0
1453688795,s2,0.00,0.00,0.00,0,0,0.00,0.00,0.00,0,0,0.00,0.00,0,0
1453688795,s1-eth2,27300.00,1223306.00,1250606.00,1223306,27300,414.00,413.00,827.00,413,414,0.00,0.00,0,0
1453688795,s1-eth1,1223306.00,27300.00,1250606.00,27300,1223306,413.00,414.00,827.00,414,413,0.00,0.00,0,0
1453688795,s3,0.00,0.00,0.00,0,0,0.00,0.00,0.00,0,0,0.00,0.00,0,0
1453688795,s2-eth2,27300.00,1223306.00,1250606.00,1223306,27300,414.00,413.00,827.00,413,414,0.00,0.00,0,0
1453688795,s2-eth1,1223306.00,27300.00,1250606.00,27300,1223306,413.00,414.00,827.00,414,413,0.00,0.00,0,0
1453688795,lo,1748.00,1748.00,3496.00,1748,1748,24.00,24.00,48.00,24,24,0.00,0.00,0,0
1453688795,s4,0.00,0.00,0.00,0,0,0.00,0.00,0.00,0,0,0.00,0.00,0,0
1453688795,s3-eth2,27300.00,1220344.00,1247644.00,1220344,27300,414.00,412.00,826.00,412,414,0.00,0.00,0,0
1453688795,s3-eth1,1223306.00,27300.00,1250606.00,27300,1223306,413.00,414.00,827.00,414,413,0.00,0.00,0,0
1453688795,total,3753566.00,3750604.00,7504170.00,3750604,3753566,2505.00,2504.00,5009.00,2504,2505,0.00,0.00,0,0
1453688796,s5,0.00,0.00,0.00,0,0,0.00,0.00,0.00,0,0,0.00,0.00,0,0
1453688796,s1,0.00,0.00,0.00,0,0,0.00,0.00,0.00,0,0,0.00,0.00,0,0
1453688796,eth0,0.00,0.00,0.00,0,0,0.00,0.00,0.00,0,0,0.00,0.00,0,0
1453688796,eth1,0.00,0.00,0.00,0,0,0.00,0.00,0.00,0,0,0.00,0.00,0,0
1453688796,s2,0.00,0.00,0.00,0,0,0.00,0.00,0.00,0,0,0.00,0.00,0,0
1453688796,s1-eth2,27192.00,1223348.00,1250540.00,1223348,27192,412.00,414.00,826.00,414,412,0.00,0.00,0,0
1453688796,s1-eth1,1223348.00,27258.00,1250606.00,27258,1223348,414.00,413.00,827.00,413,414,0.00,0.00,0,0
1453688796,s3,0.00,0.00,0.00,0,0,0.00,0.00,0.00,0,0,0.00,0.00,0,0
1453688796,s2-eth2,27258.00,1223348.00,1250606.00,1223348,27258,413.00,414.00,827.00,414,413,0.00,0.00,0,0
1453688796,s2-eth1,1223348.00,27192.00,1250540.00,27192,1223348,414.00,412.00,826.00,412,414,0.00,0.00,0,0
1453688796,lo,0.00,0.00,0.00,0,0,0.00,0.00,0.00,0,0,0.00,0.00,0,0
1453688796,s4,0.00,0.00,0.00,0,0,0.00,0.00,0.00,0,0,0.00,0.00,0,0
1453688796,s3-eth2,27258.00,1223348.00,1250606.00,1223348,27258,413.00,414.00,827.00,414,413,0.00,0.00,0,0
1453688796,s3-eth1,1223348.00,27258.00,1250606.00,27258,1223348,414.00,413.00,827.00,413,414,0.00,0.00,0,0
1453688796,total,3751752.00,3751752.00,7503504.00,3751752,3751752,2480.00,2480.00,4960.00,2480,2480,0.00,0.00,0,0
1453688797,s5,0.00,0.00,0.00,0,0,0.00,0.00,0.00,0,0,0.00,0.00,0,0
1453688797,s1,0.00,0.00,0.00,0,0,0.00,0.00,0.00,0,0,0.00,0.00,0,0
1453688797,eth0,0.00,0.00,0.00,0,0,0.00,0.00,0.00,0,0,0.00,0.00,0,0
1453688797,eth1,0.00,0.00,0.00,0,0,0.00,0.00,0.00,0,0,0.00,0.00,0,0
1453688797,s2,0.00,0.00,0.00,0,0,0.00,0.00,0.00,0,0,0.00,0.00,0,0
1453688797,s1-eth2,27258.00,1223306.00,1250564.00,1223306,27258,413.00,413.00,826.00,413,413,0.00,0.00,0,0
1453688797,s1-eth1,1223306.00,27258.00,1250564.00,27258,1223306,413.00,413.00,826.00,413,413,0.00,0.00,0,0
1453688797,s3,0.00,0.00,0.00,0,0,0.00,0.00,0.00,0,0,0.00,0.00,0,0
1453688797,s2-eth2,27258.00,1223306.00,1250564.00,1223306,27258,413.00,413.00,826.00,413,413,0.00,0.00,0,0
1453688797,s2-eth1,1223306.00,27258.00,1250564.00,27258,1223306,413.00,413.00,826.00,413,413,0.00,0.00,0,0
1453688797,lo,0.00,0.00,0.00,0,0,0.00,0.00,0.00,0,0,0.00,0.00,0,0
1453688797,s4,0.00,0.00,0.00,0,0,0.00,0.00,0.00,0,0,0.00,0.00,0,0
1453688797,s3-eth2,27192.00,1223306.00,1250498.00,1223306,27192,412.00,413.00,825.00,413,412,0.00,0.00,0,0
1453688797,s3-eth1,1223306.00,27258.00,1250564.00,27258,1223306,413.00,413.00,826.00,413,413,0.00,0.00,0,0
1453688797,total,3751626.00,3751692.00,7503318.00,3751692,3751626,2477.00,2478.00,4955.00,2478,2477,0.00,0.00,0,0
1453688798,s5,0.00,0.00,0.00,0,0,0.00,0.00,0.00,0,0,0.00,0.00,0,0
1453688798,s1,0.00,0.00,0.00,0,0,0.00,0.00,0.00,0,0,0.00,0.00,0,0
1453688798,eth0,0.00,0.00,0.00,0,0,0.00,0.00,0.00,0,0,0.00,0.00,0,0
1453688798,eth1,0.00,0.00,0.00,0,0,0.00,0.00,0.00,0,0,0.00,0.00,0,0
1453688798,s2,0.00,342.00,342.00,342,0,0.00,1.00,1.00,1,0,0.00,0.00,0,0
1453688798,s1-eth2,27600.00,1223306.00,1250906.00,1223306,27600,414.00,413.00,827.00,413,414,0.00,0.00,0,0
1453688798,s1-eth1,1223306.00,27258.00,1250564.00,27258,1223306,413.00,413.00,826.00,413,413,0.00,0.00,0,0
1453688798,s3,0.00,342.00,342.00,342,0,0.00,1.00,1.00,1,0,0.00,0.00,0,0
1453688798,s2-eth2,27600.00,1220344.00,1247944.00,1220344,27600,414.00,412.00,826.00,412,414,0.00,0.00,0,0
1453688798,s2-eth1,1223306.00,27600.00,1250906.00,27600,1223306,413.00,414.00,827.00,414,413,0.00,0.00,0,0
1453688798,lo,652.00,652.00,1304.00,652,652,6.00,6.00,12.00,6,6,0.00,0.00,0,0
1453688798,s4,0.00,0.00,0.00,0,0,0.00,0.00,0.00,0,0,0.00,0.00,0,0
1453688798,s3-eth2,27666.00,1223306.00,1250972.00,1223306,27666,415.00,413.00,828.00,413,415,0.00,0.00,0,0
1453688798,s3-eth1,1220344.00,27600.00,1247944.00,27600,1220344,412.00,414.00,826.00,414,412,0.00,0.00,0,0
1453688798,total,3750474.00,3750750.00,7501224.00,3750750,3750474,2487.00,2487.00,4974.00,2487,2487,0.00,0.00,0,0
1453688799,s5,0.00,0.00,0.00,0,0,0.00,0.00,0.00,0,0,0.00,0.00,0,0
1453688799,s1,0.00,0.00,0.00,0,0,0.00,0.00,0.00,0,0,0.00,0.00,0,0
1453688799,eth0,0.00,0.00,0.00,0,0,0.00,0.00,0.00,0,0,0.00,0.00,0,0
1453688799,eth1,0.00,0.00,0.00,0,0,0.00,0.00,0.00,0,0,0.00,0.00,0,0
1453688799,s2,0.00,0.00,0.00,0,0,0.00,0.00,0.00,0,0,0.00,0.00,0,0
1453688799,s1-eth2,27324.00,1223306.00,1250630.00,1223306,27324,414.00,413.00,827.00,413,414,0.00,0.00,0,0
1453688799,s1-eth1,1223306.00,27258.00,1250564.00,27258,1223306,413.00,413.00,826.00,413,413,0.00,0.00,0,0
1453688799,s3,0.00,342.00,342.00,342,0,0.00,1.00,1.00,1,0,0.00,0.00,0,0
1453688799,s2-eth2,27600.00,1223306.00,1250906.00,1223306,27600,414.00,413.00,827.00,413,414,0.00,0.00,0,0
1453688799,s2-eth1,1223306.00,27324.00,1250630.00,27324,1223306,413.00,414.00,827.00,414,413,0.00,0.00,0,0
1453688799,lo,326.00,326.00,652.00,326,326,3.00,3.00,6.00,3,3,0.00,0.00,0,0
1453688799,s4,0.00,0.00,0.00,0,0,0.00,0.00,0.00,0,0,0.00,0.00,0,0
1453688799,s3-eth2,27600.00,1223306.00,1250906.00,1223306,27600,414.00,413.00,827.00,413,414,0.00,0.00,0,0
1453688799,s3-eth1,1223306.00,27600.00,1250906.00,27600,1223306,413.00,414.00,827.00,414,413,0.00,0.00,0,0
1453688799,total,3752768.00,3752768.00,7505536.00,3752768,3752768,2484.00,2484.00,4968.00,2484,2484,0.00,0.00,0,0
1453688800,s5,0.00,0.00,0.00,0,0,0.00,0.00,0.00,0,0,0.00,0.00,0,0
1453688800,s1,0.00,0.00,0.00,0,0,0.00,0.00,0.00,0,0,0.00,0.00,0,0
1453688800,eth0,0.00,0.00,0.00,0,0,0.00,0.00,0.00,0,0,0.00,0.00,0,0
1453688800,eth1,0.00,0.00,0.00,0,0,0.00,0.00,0.00,0,0,0.00,0.00,0,0
1453688800,s2,0.00,0.00,0.00,0,0,0.00,0.00,0.00,0,0,0.00,0.00,0,0
1453688800,s1-eth2,27258.00,1227002.00,1254260.00,1227002,27258,413.00,469.00,882.00,469,413,0.00,0.00,0,0
1453688800,s1-eth1,1226870.00,27258.00,1254128.00,27258,1226870,467.00,413.00,880.00,413,467,0.00,0.00,0,0
1453688800,s3,0.00,0.00,0.00,0,0,0.00,0.00,0.00,0,0,0.00,0.00,0,0
1453688800,s2-eth2,27258.00,1227068.00,1254326.00,1227068,27258,413.00,470.00,883.00,470,413,0.00,0.00,0,0
1453688800,s2-eth1,1227002.00,27258.00,1254260.00,27258,1227002,469.00,413.00,882.00,413,469,0.00,0.00,0,0
1453688800,lo,516.00,516.00,1032.00,516,516,9.00,9.00,18.00,9,9,0.00,0.00,0,0
1453688800,s4,0.00,0.00,0.00,0,0,0.00,0.00,0.00,0,0,0.00,0.00,0,0
1453688800,s3-eth2,27192.00,1227134.00,1254326.00,1227134,27192,412.00,471.00,883.00,471,412,0.00,0.00,0,0
1453688800,s3-eth1,1227068.00,27258.00,1254326.00,27258,1227068,470.00,413.00,883.00,413,470,0.00,0.00,0,0
1453688800,total,3763164.00,3763494.00,7526658.00,3763494,3763164,2653.00,2658.00,5311.00,2658,2653,0.00,0.00,0,0
1453688801,s5,0.00,0.00,0.00,0,0,0.00,0.00,0.00,0,0,0.00,0.00,0,0
1453688801,s1,0.00,107.00,107.00,107,0,0.00,1.00,1.00,1,0,0.00,0.00,0,0
1453688801,eth0,0.00,0.00,0.00,0,0,0.00,0.00,0.00,0,0,0.00,0.00,0,0
1453688801,eth1,0.00,0.00,0.00,0,0,0.00,0.00,0.00,0,0,0.00,0.00,0,0
1453688801,s2,0.00,107.00,107.00,107,0,0.00,1.00,1.00,1,0,0.00,0.00,0,0
1453688801,s1-eth2,27299.00,1229485.00,1256784.00,1229485,27299,413.00,506.00,919.00,506,413,0.00,0.00,0,0
1453688801,s1-eth1,1229959.00,27258.00,1257217.00,27258,1229959,509.00,413.00,922.00,413,509,0.00,0.00,0,0
1453688801,s3,0.00,214.00,214.00,214,0,0.00,2.00,2.00,2,0,0.00,0.00,0,0
1453688801,s2-eth2,27472.00,1229312.00,1256784.00,1229312,27472,415.00,504.00,919.00,504,415,0.00,0.00,0,0
1453688801,s2-eth1,1229485.00,27299.00,1256784.00,27299,1229485,506.00,413.00,919.00,413,506,0.00,0.00,0,0
1453688801,lo,1220.00,1220.00,2440.00,1220,1220,12.00,12.00,24.00,12,12,0.00,0.00,0,0
1453688801,s4,0.00,0.00,0.00,0,0,0.00,0.00,0.00,0,0,0.00,0.00,0,0
1453688801,s3-eth2,27472.00,1229246.00,1256718.00,1229246,27472,415.00,503.00,918.00,503,415,0.00,0.00,0,0
1453688801,s3-eth1,1229312.00,27472.00,1256784.00,27472,1229312,504.00,415.00,919.00,415,504,0.00,0.00,0,0
1453688801,total,3772219.00,3771720.00,7543939.00,3771720,3772219,2774.00,2770.00,5544.00,2770,2774,0.00,0.00,0,0
1453688802,s5,0.00,0.00,0.00,0,0,0.00,0.00,0.00,0,0,0.00,0.00,0,0
1453688802,s1,0.00,107.00,107.00,107,0,0.00,1.00,1.00,1,0,0.00,0.00,0,0
1453688802,eth0,0.00,0.00,0.00,0,0,0.00,0.00,0.00,0,0,0.00,0.00,0,0
1453688802,eth1,0.00,0.00,0.00,0,0,0.00,0.00,0.00,0,0,0.00,0.00,0,0
1453688802,s2,0.00,107.00,107.00,107,0,0.00,1.00,1.00,1,0,0.00,0.00,0,0
1453688802,s1-eth2,27258.00,1223413.00,1250671.00,1223413,27258,413.00,414.00,827.00,414,413,0.00,0.00,0,0
1453688802,s1-eth1,1223520.00,27258.00,1250778.00,27258,1223520,415.00,413.00,828.00,413,415,0.00,0.00,0,0
1453688802,s3,0.00,0.00,0.00,0,0,0.00,0.00,0.00,0,0,0.00,0.00,0,0
1453688802,s2-eth2,27258.00,1223413.00,1250671.00,1223413,27258,413.00,414.00,827.00,414,413,0.00,0.00,0,0
1453688802,s2-eth1,1223413.00,27258.00,1250671.00,27258,1223413,414.00,413.00,827.00,413,414,0.00,0.00,0,0
1453688802,lo,610.00,610.00,1220.00,610,610,6.00,6.00,12.00,6,6,0.00,0.00,0,0
1453688802,s4,0.00,0.00,0.00,0,0,0.00,0.00,0.00,0,0,0.00,0.00,0,0
1453688802,s3-eth2,27365.00,1223306.00,1250671.00,1223306,27365,414.00,413.00,827.00,413,414,0.00,0.00,0,0
1453688802,s3-eth1,1223413.00,27258.00,1250671.00,27258,1223413,414.00,413.00,827.00,413,414,0.00,0.00,0,0
1453688802,total,3752837.00,3752730.00,7505567.00,3752730,3752837,2489.00,2488.00,4977.00,2488,2489,0.00,0.00,0,0
1453688803,s5,0.00,0.00,0.00,0,0,0.00,0.00,0.00,0,0,0.00,0.00,0,0
1453688803,s1,0.00,0.00,0.00,0,0,0.00,0.00,0.00,0,0,0.00,0.00,0,0
1453688803,eth0,0.00,0.00,0.00,0,0,0.00,0.00,0.00,0,0,0.00,0.00,0,0
1453688803,eth1,0.00,0.00,0.00,0,0,0.00,0.00,0.00,0,0,0.00,0.00,0,0
1453688803,s2,0.00,0.00,0.00,0,0,0.00,0.00,0.00,0,0,0.00,0.00,0,0
1453688803,s1-eth2,27258.00,1223306.00,1250564.00,1223306,27258,413.00,413.00,826.00,413,413,0.00,0.00,0,0
1453688803,s1-eth1,1223306.00,27258.00,1250564.00,27258,1223306,413.00,413.00,826.00,413,413,0.00,0.00,0,0
1453688803,s3,0.00,0.00,0.00,0,0,0.00,0.00,0.00,0,0,0.00,0.00,0,0
1453688803,s2-eth2,27258.00,1223306.00,1250564.00,1223306,27258,413.00,413.00,826.00,413,413,0.00,0.00,0,0
1453688803,s2-eth1,1223306.00,27258.00,1250564.00,27258,1223306,413.00,413.00,826.00,413,413,0.00,0.00,0,0
1453688803,lo,0.00,0.00,0.00,0,0,0.00,0.00,0.00,0,0,0.00,0.00,0,0
1453688803,s4,0.00,0.00,0.00,0,0,0.00,0.00,0.00,0,0,0.00,0.00,0,0
1453688803,s3-eth2,27258.00,1223306.00,1250564.00,1223306,27258,413.00,413.00,826.00,413,413,0.00,0.00,0,0
1453688803,s3-eth1,1223306.00,27258.00,1250564.00,27258,1223306,413.00,413.00,826.00,413,413,0.00,0.00,0,0
1453688803,total,3751692.00,3751692.00,7503384.00,3751692,3751692,2478.00,2478.00,4956.00,2478,2478,0.00,0.00,0,0
1453688804,s5,0.00,0.00,0.00,0,0,0.00,0.00,0.00,0,0,0.00,0.00,0,0
1453688804,s1,0.00,342.00,342.00,342,0,0.00,1.00,1.00,1,0,0.00,0.00,0,0
1453688804,eth0,0.00,0.00,0.00,0,0,0.00,0.00,0.00,0,0,0.00,0.00,0,0
1453688804,eth1,0.00,0.00,0.00,0,0,0.00,0.00,0.00,0,0,0.00,0.00,0,0
1453688804,s2,0.00,342.00,342.00,342,0,0.00,1.00,1.00,1,0,0.00,0.00,0,0
1453688804,s1-eth2,27258.00,1223648.00,1250906.00,1223648,27258,413.00,414.00,827.00,414,413,0.00,0.00,0,0
1453688804,s1-eth1,1223648.00,27258.00,1250906.00,27258,1223648,414.00,413.00,827.00,413,414,0.00,0.00,0,0
1453688804,s3,0.00,0.00,0.00,0,0,0.00,0.00,0.00,0,0,0.00,0.00,0,0
1453688804,s2-eth2,27258.00,1223648.00,1250906.00,1223648,27258,413.00,414.00,827.00,414,413,0.00,0.00,0,0
1453688804,s2-eth1,1223648.00,27258.00,1250906.00,27258,1223648,414.00,413.00,827.00,413,414,0.00,0.00,0,0
1453688804,lo,652.00,652.00,1304.00,652,652,6.00,6.00,12.00,6,6,0.00,0.00,0,0
1453688804,s4,0.00,0.00,0.00,0,0,0.00,0.00,0.00,0,0,0.00,0.00,0,0
1453688804,s3-eth2,27258.00,1223306.00,1250564.00,1223306,27258,413.00,413.00,826.00,413,413,0.00,0.00,0,0
1453688804,s3-eth1,1223648.00,27258.00,1250906.00,27258,1223648,414.00,413.00,827.00,413,414,0.00,0.00,0,0
1453688804,total,3753370.00,3753712.00,7507082.00,3753712,3753370,2487.00,2488.00,4975.00,2488,2487,0.00,0.00,0,0
1453688805,s5,0.00,0.00,0.00,0,0,0.00,0.00,0.00,0,0,0.00,0.00,0,0
1453688805,s1,0.00,342.00,342.00,342,0,0.00,1.00,1.00,1,0,0.00,0.00,0,0
1453688805,eth0,0.00,0.00,0.00,0,0,0.00,0.00,0.00,0,0,0.00,0.00,0,0
1453688805,eth1,0.00,0.00,0.00,0,0,0.00,0.00,0.00,0,0,0.00,0.00,0,0
1453688805,s2,0.00,0.00,0.00,0,0,0.00,0.00,0.00,0,0,0.00,0.00,0,0
1453688805,s1-eth2,27258.00,1223648.00,1250906.00,1223648,27258,413.00,414.00,827.00,414,413,0.00,0.00,0,0
1453688805,s1-eth1,1223648.00,27192.00,1250840.00,27192,1223648,414.00,412.00,826.00,412,414,0.00,0.00,0,0
1453688805,s3,0.00,0.00,0.00,0,0,0.00,0.00,0.00,0,0,0.00,0.00,0,0
1453688805,s2-eth2,27192.00,1223306.00,1250498.00,1223306,27192,412.00,413.00,825.00,413,412,0.00,0.00,0,0
1453688805,s2-eth1,1223648.00,27258.00,1250906.00,27258,1223648,414.00,413.00,827.00,413,414,0.00,0.00,0,0
1453688805,lo,670.00,670.00,1340.00,670,670,9.00,9.00,18.00,9,9,0.00,0.00,0,0
1453688805,s4,0.00,0.00,0.00,0,0,0.00,0.00,0.00,0,0,0.00,0.00,0,0
1453688805,s3-eth2,27258.00,1223306.00,1250564.00,1223306,27258,413.00,413.00,826.00,413,413,0.00,0.00,0,0
1453688805,s3-eth1,1223306.00,27192.00,1250498.00,27192,1223306,413.00,412.00,825.00,412,413,0.00,0.00,0,0
1453688805,total,3752980.00,3752914.00,7505894.00,3752914,3752980,2488.00,2487.00,4975.00,2487,2488,0.00,0.00,0,0
1453688806,s5,0.00,0.00,0.00,0,0,0.00,0.00,0.00,0,0,0.00,0.00,0,0
1453688806,s1,0.00,0.00,0.00,0,0,0.00,0.00,0.00,0,0,0.00,0.00,0,0
1453688806,eth0,0.00,0.00,0.00,0,0,0.00,0.00,0.00,0,0,0.00,0.00,0,0
1453688806,eth1,0.00,0.00,0.00,0,0,0.00,0.00,0.00,0,0,0.00,0.00,0,0
1453688806,s2,0.00,0.00,0.00,0,0,0.00,0.00,0.00,0,0,0.00,0.00,0,0
1453688806,s1-eth2,27258.00,1223306.00,1250564.00,1223306,27258,413.00,413.00,826.00,413,413,0.00,0.00,0,0
1453688806,s1-eth1,1223306.00,27258.00,1250564.00,27258,1223306,413.00,413.00,826.00,413,413,0.00,0.00,0,0
1453688806,s3,0.00,0.00,0.00,0,0,0.00,0.00,0.00,0,0,0.00,0.00,0,0
1453688806,s2-eth2,27324.00,1223306.00,1250630.00,1223306,27324,414.00,413.00,827.00,413,414,0.00,0.00,0,0
1453688806,s2-eth1,1223306.00,27258.00,1250564.00,27258,1223306,413.00,413.00,826.00,413,413,0.00,0.00,0,0
1453688806,lo,172.00,172.00,344.00,172,172,3.00,3.00,6.00,3,3,0.00,0.00,0,0
1453688806,s4,0.00,0.00,0.00,0,0,0.00,0.00,0.00,0,0,0.00,0.00,0,0
1453688806,s3-eth2,27258.00,1223306.00,1250564.00,1223306,27258,413.00,413.00,826.00,413,413,0.00,0.00,0,0
1453688806,s3-eth1,1223306.00,27324.00,1250630.00,27324,1223306,413.00,414.00,827.00,414,413,0.00,0.00,0,0
1453688806,total,3751930.00,3751930.00,7503860.00,3751930,3751930,2482.00,2482.00,4964.00,2482,2482,0.00,0.00,0,0
1453688807,s5,0.00,0.00,0.00,0,0,0.00,0.00,0.00,0,0,0.00,0.00,0,0
1453688807,s1,0.00,0.00,0.00,0,0,0.00,0.00,0.00,0,0,0.00,0.00,0,0
1453688807,eth0,0.00,0.00,0.00,0,0,0.00,0.00,0.00,0,0,0.00,0.00,0,0
1453688807,eth1,0.00,0.00,0.00,0,0,0.00,0.00,0.00,0,0,0.00,0.00,0,0
1453688807,s2,0.00,0.00,0.00,0,0,0.00,0.00,0.00,0,0,0.00,0.00,0,0
1453688807,s1-eth2,27258.00,1223306.00,1250564.00,1223306,27258,413.00,413.00,826.00,413,413,0.00,0.00,0,0
1453688807,s1-eth1,1223306.00,27258.00,1250564.00,27258,1223306,413.00,413.00,826.00,413,413,0.00,0.00,0,0
1453688807,s3,0.00,0.00,0.00,0,0,0.00,0.00,0.00,0,0,0.00,0.00,0,0
1453688807,s2-eth2,27192.00,1223306.00,1250498.00,1223306,27192,412.00,413.00,825.00,413,412,0.00,0.00,0,0
1453688807,s2-eth1,1223306.00,27258.00,1250564.00,27258,1223306,413.00,413.00,826.00,413,413,0.00,0.00,0,0
1453688807,lo,0.00,0.00,0.00,0,0,0.00,0.00,0.00,0,0,0.00,0.00,0,0
1453688807,s4,0.00,0.00,0.00,0,0,0.00,0.00,0.00,0,0,0.00,0.00,0,0
1453688807,s3-eth2,27258.00,1223306.00,1250564.00,1223306,27258,413.00,413.00,826.00,413,413,0.00,0.00,0,0
1453688807,s3-eth1,1223306.00,27192.00,1250498.00,27192,1223306,413.00,412.00,825.00,412,413,0.00,0.00,0,0
1453688807,total,3751626.00,3751626.00,7503252.00,3751626,3751626,2477.00,2477.00,4954.00,2477,2477,0.00,0.00,0,0
1453688808,s5,0.00,0.00,0.00,0,0,0.00,0.00,0.00,0,0,0.00,0.00,0,0
1453688808,s1,0.00,0.00,0.00,0,0,0.00,0.00,0.00,0,0,0.00,0.00,0,0
1453688808,eth0,0.00,0.00,0.00,0,0,0.00,0.00,0.00,0,0,0.00,0.00,0,0
1453688808,eth1,0.00,0.00,0.00,0,0,0.00,0.00,0.00,0,0,0.00,0.00,0,0
1453688808,s2,0.00,0.00,0.00,0,0,0.00,0.00,0.00,0,0,0.00,0.00,0,0
1453688808,s1-eth2,27258.00,1223306.00,1250564.00,1223306,27258,413.00,413.00,826.00,413,413,0.00,0.00,0,0
1453688808,s1-eth1,1223648.00,27258.00,1250906.00,27258,1223648,414.00,413.00,827.00,413,414,0.00,0.00,0,0
1453688808,s3,0.00,0.00,0.00,0,0,0.00,0.00,0.00,0,0,0.00,0.00,0,0
1453688808,s2-eth2,27258.00,1223306.00,1250564.00,1223306,27258,413.00,413.00,826.00,413,413,0.00,0.00,0,0
1453688808,s2-eth1,1223306.00,27258.00,1250564.00,27258,1223306,413.00,413.00,826.00,413,413,0.00,0.00,0,0
1453688808,lo,0.00,0.00,0.00,0,0,0.00,0.00,0.00,0,0,0.00,0.00,0,0
1453688808,s4,0.00,0.00,0.00,0,0,0.00,0.00,0.00,0,0,0.00,0.00,0,0
1453688808,s3-eth2,27258.00,1223306.00,1250564.00,1223306,27258,413.00,413.00,826.00,413,413,0.00,0.00,0,0
1453688808,s3-eth1,1223306.00,27258.00,1250564.00,27258,1223306,413.00,413.00,826.00,413,413,0.00,0.00,0,0
1453688808,total,3752034.00,3751692.00,7503726.00,3751692,3752034,2479.00,2478.00,4957.00,2478,2479,0.00,0.00,0,0
1453688809,s5,0.00,0.00,0.00,0,0,0.00,0.00,0.00,0,0,0.00,0.00,0,0
1453688809,s1,0.00,0.00,0.00,0,0,0.00,0.00,0.00,0,0,0.00,0.00,0,0
1453688809,eth0,0.00,0.00,0.00,0,0,0.00,0.00,0.00,0,0,0.00,0.00,0,0
1453688809,eth1,0.00,0.00,0.00,0,0,0.00,0.00,0.00,0,0,0.00,0.00,0,0
1453688809,s2,0.00,0.00,0.00,0,0,0.00,0.00,0.00,0,0,0.00,0.00,0,0
1453688809,s1-eth2,27258.00,1223306.00,1250564.00,1223306,27258,413.00,413.00,826.00,413,413,0.00,0.00,0,0
1453688809,s1-eth1,1223306.00,27258.00,1250564.00,27258,1223306,413.00,413.00,826.00,413,413,0.00,0.00,0,0
1453688809,s3,0.00,0.00,0.00,0,0,0.00,0.00,0.00,0,0,0.00,0.00,0,0
1453688809,s2-eth2,27258.00,1223306.00,1250564.00,1223306,27258,413.00,413.00,826.00,413,413,0.00,0.00,0,0
1453688809,s2-eth1,1223306.00,27258.00,1250564.00,27258,1223306,413.00,413.00,826.00,413,413,0.00,0.00,0,0
1453688809,lo,172.00,172.00,344.00,172,172,3.00,3.00,6.00,3,3,0.00,0.00,0,0
1453688809,s4,0.00,0.00,0.00,0,0,0.00,0.00,0.00,0,0,0.00,0.00,0,0
1453688809,s3-eth2,27258.00,1223306.00,1250564.00,1223306,27258,413.00,413.00,826.00,413,413,0.00,0.00,0,0
1453688809,s3-eth1,1223306.00,27258.00,1250564.00,27258,1223306,413.00,413.00,826.00,413,413,0.00,0.00,0,0
1453688809,total,3751864.00,3751864.00,7503728.00,3751864,3751864,2481.00,2481.00,4962.00,2481,2481,0.00,0.00,0,0
1453688810,s5,0.00,0.00,0.00,0,0,0.00,0.00,0.00,0,0,0.00,0.00,0,0
1453688810,s1,0.00,0.00,0.00,0,0,0.00,0.00,0.00,0,0,0.00,0.00,0,0
1453688810,eth0,0.00,0.00,0.00,0,0,0.00,0.00,0.00,0,0,0.00,0.00,0,0
1453688810,eth1,0.00,0.00,0.00,0,0,0.00,0.00,0.00,0,0,0.00,0.00,0,0
1453688810,s2,0.00,0.00,0.00,0,0,0.00,0.00,0.00,0,0,0.00,0.00,0,0
1453688810,s1-eth2,27258.00,1223306.00,1250564.00,1223306,27258,413.00,413.00,826.00,413,413,0.00,0.00,0,0
1453688810,s1-eth1,1223306.00,27258.00,1250564.00,27258,1223306,413.00,413.00,826.00,413,413,0.00,0.00,0,0
1453688810,s3,0.00,0.00,0.00,0,0,0.00,0.00,0.00,0,0,0.00,0.00,0,0
1453688810,s2-eth2,27258.00,1223306.00,1250564.00,1223306,27258,413.00,413.00,826.00,413,413,0.00,0.00,0,0
1453688810,s2-eth1,1223306.00,27258.00,1250564.00,27258,1223306,413.00,413.00,826.00,413,413,0.00,0.00,0,0
1453688810,lo,516.00,516.00,1032.00,516,516,9.00,9.00,18.00,9,9,0.00,0.00,0,0
1453688810,s4,0.00,0.00,0.00,0,0,0.00,0.00,0.00,0,0,0.00,0.00,0,0
1453688810,s3-eth2,27600.00,1223306.00,1250906.00,1223306,27600,414.00,413.00,827.00,413,414,0.00,0.00,0,0
1453688810,s3-eth1,1223306.00,27258.00,1250564.00,27258,1223306,413.00,413.00,826.00,413,413,0.00,0.00,0,0
1453688810,total,3752550.00,3752208.00,7504758.00,3752208,3752550,2488.00,2487.00,4975.00,2487,2488,0.00,0.00,0,0
1453688811,s5,0.00,0.00,0.00,0,0,0.00,0.00,0.00,0,0,0.00,0.00,0,0
1453688811,s1,0.00,0.00,0.00,0,0,0.00,0.00,0.00,0,0,0.00,0.00,0,0
1453688811,eth0,0.00,0.00,0.00,0,0,0.00,0.00,0.00,0,0,0.00,0.00,0,0
1453688811,eth1,0.00,0.00,0.00,0,0,0.00,0.00,0.00,0,0,0.00,0.00,0,0
1453688811,s2,0.00,342.00,342.00,342,0,0.00,1.00,1.00,1,0,0.00,0.00,0,0
1453688811,s1-eth2,27600.00,1223306.00,1250906.00,1223306,27600,414.00,413.00,827.00,413,414,0.00,0.00,0,0
1453688811,s1-eth1,1223306.00,27258.00,1250564.00,27258,1223306,413.00,413.00,826.00,413,413,0.00,0.00,0,0
1453688811,s3,0.00,342.00,342.00,342,0,0.00,1.00,1.00,1,0,0.00,0.00,0,0
1453688811,s2-eth2,27600.00,1223306.00,1250906.00,1223306,27600,414.00,413.00,827.00,413,414,0.00,0.00,0,0
1453688811,s2-eth1,1223306.00,27600.00,1250906.00,27600,1223306,413.00,414.00,827.00,414,413,0.00,0.00,0,0
1453688811,lo,652.00,652.00,1304.00,652,652,6.00,6.00,12.00,6,6,0.00,0.00,0,0
1453688811,s4,0.00,0.00,0.00,0,0,0.00,0.00,0.00,0,0,0.00,0.00,0,0
1453688811,s3-eth2,27600.00,1223306.00,1250906.00,1223306,27600,414.00,413.00,827.00,413,414,0.00,0.00,0,0
1453688811,s3-eth1,1223306.00,27600.00,1250906.00,27600,1223306,413.00,414.00,827.00,414,413,0.00,0.00,0,0
1453688811,total,3753370.00,3753712.00,7507082.00,3753712,3753370,2487.00,2488.00,4975.00,2488,2487,0.00,0.00,0,0
1453688812,s5,0.00,0.00,0.00,0,0,0.00,0.00,0.00,0,0,0.00,0.00,0,0
1453688812,s1,0.00,0.00,0.00,0,0,0.00,0.00,0.00,0,0,0.00,0.00,0,0
1453688812,eth0,0.00,0.00,0.00,0,0,0.00,0.00,0.00,0,0,0.00,0.00,0,0
1453688812,eth1,0.00,0.00,0.00,0,0,0.00,0.00,0.00,0,0,0.00,0.00,0,0
1453688812,s2,0.00,0.00,0.00,0,0,0.00,0.00,0.00,0,0,0.00,0.00,0,0
1453688812,s1-eth2,27258.00,1223306.00,1250564.00,1223306,27258,413.00,413.00,826.00,413,413,0.00,0.00,0,0
1453688812,s1-eth1,1223306.00,27258.00,1250564.00,27258,1223306,413.00,413.00,826.00,413,413,0.00,0.00,0,0
1453688812,s3,0.00,0.00,0.00,0,0,0.00,0.00,0.00,0,0,0.00,0.00,0,0
1453688812,s2-eth2,27258.00,1223306.00,1250564.00,1223306,27258,413.00,413.00,826.00,413,413,0.00,0.00,0,0
1453688812,s2-eth1,1223306.00,27258.00,1250564.00,27258,1223306,413.00,413.00,826.00,413,413,0.00,0.00,0,0
1453688812,lo,0.00,0.00,0.00,0,0,0.00,0.00,0.00,0,0,0.00,0.00,0,0
1453688812,s4,0.00,0.00,0.00,0,0,0.00,0.00,0.00,0,0,0.00,0.00,0,0
1453688812,s3-eth2,27258.00,1223306.00,1250564.00,1223306,27258,413.00,413.00,826.00,413,413,0.00,0.00,0,0
1453688812,s3-eth1,1223306.00,27258.00,1250564.00,27258,1223306,413.00,413.00,826.00,413,413,0.00,0.00,0,0
1453688812,total,3751692.00,3751692.00,7503384.00,3751692,3751692,2478.00,2478.00,4956.00,2478,2478,0.00,0.00,0,0
1453688813,s5,0.00,0.00,0.00,0,0,0.00,0.00,0.00,0,0,0.00,0.00,0,0
1453688813,s1,0.00,0.00,0.00,0,0,0.00,0.00,0.00,0,0,0.00,0.00,0,0
1453688813,eth0,0.00,0.00,0.00,0,0,0.00,0.00,0.00,0,0,0.00,0.00,0,0
1453688813,eth1,0.00,0.00,0.00,0,0,0.00,0.00,0.00,0,0,0.00,0.00,0,0
1453688813,s2,0.00,0.00,0.00,0,0,0.00,0.00,0.00,0,0,0.00,0.00,0,0
1453688813,s1-eth2,27258.00,1220344.00,1247602.00,1220344,27258,413.00,412.00,825.00,412,413,0.00,0.00,0,0
1453688813,s1-eth1,1223306.00,27258.00,1250564.00,27258,1223306,413.00,413.00,826.00,413,413,0.00,0.00,0,0
1453688813,s3,0.00,0.00,0.00,0,0,0.00,0.00,0.00,0,0,0.00,0.00,0,0
1453688813,s2-eth2,27258.00,1223306.00,1250564.00,1223306,27258,413.00,413.00,826.00,413,413,0.00,0.00,0,0
1453688813,s2-eth1,1220344.00,27258.00,1247602.00,27258,1220344,412.00,413.00,825.00,413,412,0.00,0.00,0,0
1453688813,lo,0.00,0.00,0.00,0,0,0.00,0.00,0.00,0,0,0.00,0.00,0,0
1453688813,s4,0.00,0.00,0.00,0,0,0.00,0.00,0.00,0,0,0.00,0.00,0,0
1453688813,s3-eth2,27258.00,1223306.00,1250564.00,1223306,27258,413.00,413.00,826.00,413,413,0.00,0.00,0,0
1453688813,s3-eth1,1223306.00,27258.00,1250564.00,27258,1223306,413.00,413.00,826.00,413,413,0.00,0.00,0,0
1453688813,total,3748730.00,3748730.00,7497460.00,3748730,3748730,2477.00,2477.00,4954.00,2477,2477,0.00,0.00,0,0
1453688814,s5,0.00,0.00,0.00,0,0,0.00,0.00,0.00,0,0,0.00,0.00,0,0
1453688814,s1,0.00,0.00,0.00,0,0,0.00,0.00,0.00,0,0,0.00,0.00,0,0
1453688814,eth0,0.00,0.00,0.00,0,0,0.00,0.00,0.00,0,0,0.00,0.00,0,0
1453688814,eth1,0.00,0.00,0.00,0,0,0.00,0.00,0.00,0,0,0.00,0.00,0,0
1453688814,s2,0.00,0.00,0.00,0,0,0.00,0.00,0.00,0,0,0.00,0.00,0,0
1453688814,s1-eth2,27258.00,1227398.00,1254656.00,1227398,27258,413.00,475.00,888.00,475,413,0.00,0.00,0,0
1453688814,s1-eth1,1227398.00,27258.00,1254656.00,27258,1227398,475.00,413.00,888.00,413,475,0.00,0.00,0,0
1453688814,s3,0.00,0.00,0.00,0,0,0.00,0.00,0.00,0,0,0.00,0.00,0,0
1453688814,s2-eth2,27258.00,1227398.00,1254656.00,1227398,27258,413.00,475.00,888.00,475,413,0.00,0.00,0,0
1453688814,s2-eth1,1227398.00,27258.00,1254656.00,27258,1227398,475.00,413.00,888.00,413,475,0.00,0.00,0,0
1453688814,lo,0.00,0.00,0.00,0,0,0.00,0.00,0.00,0,0,0.00,0.00,0,0
1453688814,s4,0.00,0.00,0.00,0,0,0.00,0.00,0.00,0,0,0.00,0.00,0,0
1453688814,s3-eth2,27258.00,1227398.00,1254656.00,1227398,27258,413.00,475.00,888.00,475,413,0.00,0.00,0,0
1453688814,s3-eth1,1227398.00,27258.00,1254656.00,27258,1227398,475.00,413.00,888.00,413,475,0.00,0.00,0,0
1453688814,total,3763968.00,3763968.00,7527936.00,3763968,3763968,2664.00,2664.00,5328.00,2664,2664,0.00,0.00,0,0
1453688815,s5,0.00,0.00,0.00,0,0,0.00,0.00,0.00,0,0,0.00,0.00,0,0
1453688815,s1,0.00,0.00,0.00,0,0,0.00,0.00,0.00,0,0,0.00,0.00,0,0
1453688815,eth0,0.00,0.00,0.00,0,0,0.00,0.00,0.00,0,0,0.00,0.00,0,0
1453688815,eth1,0.00,0.00,0.00,0,0,0.00,0.00,0.00,0,0,0.00,0.00,0,0
1453688815,s2,0.00,0.00,0.00,0,0,0.00,0.00,0.00,0,0,0.00,0.00,0,0
1453688815,s1-eth2,27258.00,1223306.00,1250564.00,1223306,27258,413.00,413.00,826.00,413,413,0.00,0.00,0,0
1453688815,s1-eth1,1223306.00,27258.00,1250564.00,27258,1223306,413.00,413.00,826.00,413,413,0.00,0.00,0,0
1453688815,s3,0.00,0.00,0.00,0,0,0.00,0.00,0.00,0,0,0.00,0.00,0,0
1453688815,s2-eth2,27258.00,1223306.00,1250564.00,1223306,27258,413.00,413.00,826.00,413,413,0.00,0.00,0,0
1453688815,s2-eth1,1223306.00,27258.00,1250564.00,27258,1223306,413.00,413.00,826.00,413,413,0.00,0.00,0,0
1453688815,lo,860.00,860.00,1720.00,860,860,15.00,15.00,30.00,15,15,0.00,0.00,0,0
1453688815,s4,0.00,0.00,0.00,0,0,0.00,0.00,0.00,0,0,0.00,0.00,0,0
1453688815,s3-eth2,27258.00,1223306.00,1250564.00,1223306,27258,413.00,413.00,826.00,413,413,0.00,0.00,0,0
1453688815,s3-eth1,1223306.00,27258.00,1250564.00,27258,1223306,413.00,413.00,826.00,413,413,0.00,0.00,0,0
1453688815,total,3752552.00,3752552.00,7505104.00,3752552,3752552,2493.00,2493.00,4986.00,2493,2493,0.00,0.00,0,0
1453688816,s5,0.00,0.00,0.00,0,0,0.00,0.00,0.00,0,0,0.00,0.00,0,0
1453688816,s1,0.00,0.00,0.00,0,0,0.00,0.00,0.00,0,0,0.00,0.00,0,0
1453688816,eth0,0.00,0.00,0.00,0,0,0.00,0.00,0.00,0,0,0.00,0.00,0,0
1453688816,eth1,0.00,0.00,0.00,0,0,0.00,0.00,0.00,0,0,0.00,0.00,0,0
1453688816,s2,0.00,0.00,0.00,0,0,0.00,0.00,0.00,0,0,0.00,0.00,0,0
1453688816,s1-eth2,27258.00,1223306.00,1250564.00,1223306,27258,413.00,413.00,826.00,413,413,0.00,0.00,0,0
1453688816,s1-eth1,1223306.00,27258.00,1250564.00,27258,1223306,413.00,413.00,826.00,413,413,0.00,0.00,0,0
1453688816,s3,0.00,0.00,0.00,0,0,0.00,0.00,0.00,0,0,0.00,0.00,0,0
1453688816,s2-eth2,27258.00,1223306.00,1250564.00,1223306,27258,413.00,413.00,826.00,413,413,0.00,0.00,0,0
1453688816,s2-eth1,1223306.00,27258.00,1250564.00,27258,1223306,413.00,413.00,826.00,413,413,0.00,0.00,0,0
1453688816,lo,0.00,0.00,0.00,0,0,0.00,0.00,0.00,0,0,0.00,0.00,0,0
1453688816,s4,0.00,0.00,0.00,0,0,0.00,0.00,0.00,0,0,0.00,0.00,0,0
1453688816,s3-eth2,27258.00,1223306.00,1250564.00,1223306,27258,413.00,413.00,826.00,413,413,0.00,0.00,0,0
1453688816,s3-eth1,1223306.00,27258.00,1250564.00,27258,1223306,413.00,413.00,826.00,413,413,0.00,0.00,0,0
1453688816,total,3751692.00,3751692.00,7503384.00,3751692,3751692,2478.00,2478.00,4956.00,2478,2478,0.00,0.00,0,0
1453688817,s5,0.00,0.00,0.00,0,0,0.00,0.00,0.00,0,0,0.00,0.00,0,0
1453688817,s1,0.00,1202.00,1202.00,1202,0,0.00,7.00,7.00,7,0,0.00,0.00,0,0
1453688817,eth0,760.00,1975.00,2735.00,1975,760,10.00,10.00,20.00,10,10,0.00,0.00,0,0
1453688817,eth1,76.00,0.00,76.00,0,76,1.00,0.00,1.00,0,1,0.00,0.00,0,0
1453688817,s2,0.00,1170.00,1170.00,1170,0,0.00,7.00,7.00,7,0,0.00,0.00,0,0
1453688817,s1-eth2,27722.00,1224508.00,1252230.00,1224508,27722,415.00,420.00,835.00,420,415,0.00,0.00,0,0
1453688817,s1-eth1,1222076.00,27192.00,1249268.00,27192,1222076,422.00,412.00,834.00,412,422,0.00,0.00,0,0
1453688817,s3,0.00,1060.00,1060.00,1060,0,0.00,6.00,6.00,6,0,0.00,0.00,0,0
1453688817,s2-eth2,28318.00,1223946.00,1252264.00,1223946,28318,419.00,417.00,836.00,417,419,0.00,0.00,0,0
1453688817,s2-eth1,1224508.00,27722.00,1252230.00,27722,1224508,420.00,415.00,835.00,415,420,0.00,0.00,0,0
1453688817,lo,8407.00,8407.00,16814.00,8407,8407,77.00,77.00,154.00,77,77,0.00,0.00,0,0
1453688817,s4,0.00,0.00,0.00,0,0,0.00,0.00,0.00,0,0,0.00,0.00,0,0
1453688817,s3-eth2,28704.00,1223306.00,1252010.00,1223306,28704,420.00,413.00,833.00,413,420,0.00,0.00,0,0
1453688817,s3-eth1,1223946.00,28318.00,1252264.00,28318,1223946,417.00,419.00,836.00,419,417,0.00,0.00,0,0
1453688817,total,3764517.00,3768806.00,7533323.00,3768806,3764517,2601.00,2603.00,5204.00,2603,2601,0.00,0.00,0,0
1453688818,s5,0.00,0.00,0.00,0,0,0.00,0.00,0.00,0,0,0.00,0.00,0,0
1453688818,s1,0.00,328.00,328.00,328,0,0.00,4.00,4.00,4,0,0.00,0.00,0,0
1453688818,eth0,760.00,1975.00,2735.00,1975,760,10.00,10.00,20.00,10,10,0.00,0.00,0,0
1453688818,eth1,0.00,0.00,0.00,0,0,0.00,0.00,0.00,0,0,0.00,0.00,0,0
1453688818,s2,0.00,1172.00,1172.00,1172,0,0.00,10.00,10.00,10,0,0.00,0.00,0,0
1453688818,s1-eth2,28180.00,1223634.00,1251814.00,1223634,28180,420.00,417.00,837.00,417,420,0.00,0.00,0,0
1453688818,s1-eth1,1221484.00,27258.00,1248742.00,27258,1221484,422.00,413.00,835.00,413,422,0.00,0.00,0,0
1453688818,s3,0.00,1282.00,1282.00,1282,0,0.00,11.00,11.00,11,0,0.00,0.00,0,0
1453688818,s2-eth2,28474.00,1223556.00,1252030.00,1223556,28474,423.00,416.00,839.00,416,423,0.00,0.00,0,0
1453688818,s2-eth1,1223634.00,28180.00,1251814.00,28180,1223634,417.00,420.00,837.00,420,417,0.00,0.00,0,0
1453688818,lo,9649.00,9649.00,19298.00,9649,9649,93.00,93.00,186.00,93,93,0.00,0.00,0,0
1453688818,s4,0.00,0.00,0.00,0,0,0.00,0.00,0.00,0,0,0.00,0.00,0,0
1453688818,s3-eth2,28728.00,1223306.00,1252034.00,1223306,28728,426.00,413.00,839.00,413,426,0.00,0.00,0,0
1453688818,s3-eth1,1223556.00,28474.00,1252030.00,28474,1223556,416.00,423.00,839.00,423,416,0.00,0.00,0,0
1453688818,total,3764465.00,3768814.00,7533279.00,3768814,3764465,2627.00,2630.00,5257.00,2630,2627,0.00,0.00,0,0
1453688819,s5,0.00,0.00,0.00,0,0,0.00,0.00,0.00,0,0,0.00,0.00,0,0
1453688819,s1,0.00,3200.00,3200.00,3200,0,0.00,16.00,16.00,16,0,0.00,0.00,0,0
1453688819,eth0,304.00,790.00,1094.00,790,304,4.00,4.00,8.00,4,4,0.00,0.00,0,0
1453688819,eth1,0.00,0.00,0.00,0,0,0.00,0.00,0.00,0,0,0.00,0.00,0,0
1453688819,s2,0.00,3257.00,3257.00,3257,0,0.00,14.00,14.00,14,0,0.00,0.00,0,0
1453688819,s1-eth2,28527.00,1223544.00,1252071.00,1223544,28527,417.00,428.00,845.00,428,417,0.00,0.00,0,0
1453688819,s1-eth1,1225055.00,27126.00,1252181.00,27126,1225055,435.00,411.00,846.00,411,435,0.00,0.00,0,0
1453688819,s3,0.00,3257.00,3257.00,3257,0,0.00,14.00,14.00,14,0,0.00,0.00,0,0
1453688819,s2-eth2,30383.00,1222200.00,1252583.00,1222200,30383,425.00,420.00,845.00,420,425,0.00,0.00,0,0
1453688819,s2-eth1,1223544.00,28527.00,1252071.00,28527,1223544,428.00,417.00,845.00,417,428,0.00,0.00,0,0
1453688819,lo,14544.00,14544.00,29088.00,14544,14544,135.00,135.00,270.00,135,135,0.00,0.00,0,0
1453688819,s4,0.00,0.00,0.00,0,0,0.00,0.00,0.00,0,0,0.00,0.00,0,0
1453688819,s3-eth2,31362.00,1223306.00,1254668.00,1223306,31362,432.00,413.00,845.00,413,432,0.00,0.00,0,0
1453688819,s3-eth1,1222200.00,30383.00,1252583.00,30383,1222200,420.00,425.00,845.00,425,420,0.00,0.00,0,0
1453688819,total,3775919.00,3780134.00,7556053.00,3780134,3775919,2696.00,2697.00,5393.00,2697,2696,0.00,0.00,0,0
1453688820,s5,0.00,0.00,0.00,0,0,0.00,0.00,0.00,0,0,0.00,0.00,0,0
1453688820,s1,0.00,2034.00,2034.00,2034,0,0.00,9.00,9.00,9,0,0.00,0.00,0,0
1453688820,eth0,152.00,395.00,547.00,395,152,2.00,2.00,4.00,2,2,0.00,0.00,0,0
1453688820,eth1,0.00,0.00,0.00,0,0,0.00,0.00,0.00,0,0,0.00,0.00,0,0
1453688820,s2,0.00,1492.00,1492.00,1492,0,0.00,6.00,6.00,6,0,0.00,0.00,0,0
1453688820,s1-eth2,28048.00,1222378.00,1250426.00,1222378,28048,415.00,421.00,836.00,421,415,0.00,0.00,0,0
1453688820,s1-eth1,1223234.00,27192.00,1250426.00,27192,1223234,424.00,412.00,836.00,412,424,0.00,0.00,0,0
1453688820,s3,0.00,1492.00,1492.00,1492,0,0.00,6.00,6.00,6,0,0.00,0.00,0,0
1453688820,s2-eth2,28684.00,1223942.00,1252626.00,1223942,28684,418.00,416.00,834.00,416,418,0.00,0.00,0,0
1453688820,s2-eth1,1222378.00,28048.00,1250426.00,28048,1222378,421.00,415.00,836.00,415,421,0.00,0.00,0,0
1453688820,lo,7455.00,7455.00,14910.00,7455,7455,71.00,71.00,142.00,71,71,0.00,0.00,0,0
1453688820,s4,0.00,0.00,0.00,0,0,0.00,0.00,0.00,0,0,0.00,0.00,0,0
1453688820,s3-eth2,30447.00,1223306.00,1253753.00,1223306,30447,425.00,413.00,838.00,413,425,0.00,0.00,0,0
1453688820,s3-eth1,1223942.00,28684.00,1252626.00,28684,1223942,416.00,418.00,834.00,418,416,0.00,0.00,0,0
1453688820,total,3764340.00,3766418.00,7530758.00,3766418,3764340,2592.00,2589.00,5181.00,2589,2592,0.00,0.00,0,0
1453688821,s5,0.00,0.00,0.00,0,0,0.00,0.00,0.00,0,0,0.00,0.00,0,0
1453688821,s1,0.00,654.00,654.00,654,0,0.00,2.00,2.00,2,0,0.00,0.00,0,0
1453688821,eth0,0.00,288.00,288.00,288,0,0.00,1.00,1.00,1,0,0.00,0.00,0,0
1453688821,eth1,0.00,288.00,288.00,288,0,0.00,1.00,1.00,1,0,0.00,0.00,0,0
1453688821,s2,0.00,434.00,434.00,434,0,0.00,2.00,2.00,2,0,0.00,0.00,0,0
1453688821,s1-eth2,27341.00,1220998.00,1248339.00,1220998,27341,414.00,414.00,828.00,414,414,0.00,0.00,0,0
1453688821,s1-eth1,1221105.00,27300.00,1248405.00,27300,1221105,415.00,414.00,829.00,414,415,0.00,0.00,0,0
1453688821,s3,0.00,434.00,434.00,434,0,0.00,2.00,2.00,2,0,0.00,0.00,0,0
1453688821,s2-eth2,27734.00,1223633.00,1251367.00,1223633,27734,416.00,414.00,830.00,414,416,0.00,0.00,0,0
1453688821,s2-eth1,1223960.00,27341.00,1251301.00,27341,1223960,415.00,414.00,829.00,414,415,0.00,0.00,0,0
1453688821,lo,1914.00,1914.00,3828.00,1914,1914,18.00,18.00,36.00,18,18,0.00,0.00,0,0
1453688821,s4,0.00,0.00,0.00,0,0,0.00,0.00,0.00,0,0,0.00,0.00,0,0
1453688821,s3-eth2,28061.00,1223306.00,1251367.00,1223306,28061,417.00,413.00,830.00,413,417,0.00,0.00,0,0
1453688821,s3-eth1,1223633.00,27734.00,1251367.00,27734,1223633,414.00,416.00,830.00,416,414,0.00,0.00,0,0
1453688821,total,3753748.00,3754324.00,7508072.00,3754324,3753748,2509.00,2511.00,5020.00,2511,2509,0.00,0.00,0,0
1453688822,s5,0.00,0.00,0.00,0,0,0.00,0.00,0.00,0,0,0.00,0.00,0,0
1453688822,s1,0.00,818.00,818.00,818,0,0.00,5.00,5.00,5,0,0.00,0.00,0,0
1453688822,eth0,60.00,60.00,120.00,60,60,1.00,1.00,2.00,1,1,0.00,0.00,0,0
1453688822,eth1,60.00,60.00,120.00,60,60,1.00,1.00,2.00,1,1,0.00,0.00,0,0
1453688822,s2,0.00,781.00,781.00,781,0,0.00,5.00,5.00,5,0,0.00,0.00,0,0
1453688822,s1-eth2,27595.00,1224166.00,1251761.00,1224166,27595,415.00,419.00,834.00,419,415,0.00,0.00,0,0
1453688822,s1-eth1,1224830.00,27192.00,1252022.00,27192,1224830,422.00,412.00,834.00,412,422,0.00,0.00,0,0
1453688822,s3,0.00,781.00,781.00,781,0,0.00,5.00,5.00,5,0,0.00,0.00,0,0
1453688822,s2-eth2,28039.00,1220830.00,1248869.00,1220830,28039,418.00,416.00,834.00,416,418,0.00,0.00,0,0
1453688822,s2-eth1,1221204.00,27595.00,1248799.00,27595,1221204,418.00,415.00,833.00,415,418,0.00,0.00,0,0
1453688822,lo,4464.00,4464.00,8928.00,4464,4464,44.00,44.00,88.00,44,44,0.00,0.00,0,0
1453688822,s4,0.00,0.00,0.00,0,0,0.00,0.00,0.00,0,0,0.00,0.00,0,0
1453688822,s3-eth2,28080.00,1223348.00,1251428.00,1223348,28080,418.00,414.00,832.00,414,418,0.00,0.00,0,0
1453688822,s3-eth1,1220830.00,28039.00,1248869.00,28039,1220830,416.00,418.00,834.00,418,416,0.00,0.00,0,0
1453688822,total,3755162.00,3758134.00,7513296.00,3758134,3755162,2553.00,2555.00,5108.00,2555,2553,0.00,0.00,0,0
1453688823,s5,0.00,0.00,0.00,0,0,0.00,0.00,0.00,0,0,0.00,0.00,0,0
1453688823,s1,0.00,724.00,724.00,724,0,0.00,3.00,3.00,3,0,0.00,0.00,0,0
1453688823,eth0,0.00,0.00,0.00,0,0,0.00,0.00,0.00,0,0,0.00,0.00,0,0
1453688823,eth1,0.00,0.00,0.00,0,0,0.00,0.00,0.00,0,0,0.00,0.00,0,0
1453688823,s2,0.00,654.00,654.00,654,0,0.00,2.00,2.00,2,0,0.00,0.00,0,0
1453688823,s1-eth2,27585.00,1224030.00,1251615.00,1224030,27585,414.00,416.00,830.00,416,414,0.00,0.00,0,0
1453688823,s1-eth1,1224030.00,27258.00,1251288.00,27258,1224030,416.00,413.00,829.00,413,416,0.00,0.00,0,0
1453688823,s3,0.00,654.00,654.00,654,0,0.00,2.00,2.00,2,0,0.00,0.00,0,0
1453688823,s2-eth2,27846.00,1223633.00,1251479.00,1223633,27846,414.00,414.00,828.00,414,414,0.00,0.00,0,0
1453688823,s2-eth1,1224030.00,27585.00,1251615.00,27585,1224030,416.00,414.00,830.00,414,416,0.00,0.00,0,0
1453688823,lo,2276.00,2276.00,4552.00,2276,2276,22.00,22.00,44.00,22,22,0.00,0.00,0,0
1453688823,s4,0.00,0.00,0.00,0,0,0.00,0.00,0.00,0,0,0.00,0.00,0,0
1453688823,s3-eth2,28576.00,1223306.00,1251882.00,1223306,28576,418.00,413.00,831.00,413,418,0.00,0.00,0,0
1453688823,s3-eth1,1223633.00,27846.00,1251479.00,27846,1223633,414.00,414.00,828.00,414,414,0.00,0.00,0,0
1453688823,total,3757976.00,3757966.00,7515942.00,3757966,3757976,2514.00,2513.00,5027.00,2513,2514,0.00,0.00,0,0
1453688824,s5,0.00,0.00,0.00,0,0,0.00,0.00,0.00,0,0,0.00,0.00,0,0
1453688824,s1,0.00,0.00,0.00,0,0,0.00,0.00,0.00,0,0,0.00,0.00,0,0
1453688824,eth0,0.00,0.00,0.00,0,0,0.00,0.00,0.00,0,0,0.00,0.00,0,0
1453688824,eth1,0.00,0.00,0.00,0,0,0.00,0.00,0.00,0,0,0.00,0.00,0,0
1453688824,s2,0.00,0.00,0.00,0,0,0.00,0.00,0.00,0,0,0.00,0.00,0,0
1453688824,s1-eth2,27258.00,1223306.00,1250564.00,1223306,27258,413.00,413.00,826.00,413,413,0.00,0.00,0,0
1453688824,s1-eth1,1223306.00,27258.00,1250564.00,27258,1223306,413.00,413.00,826.00,413,413,0.00,0.00,0,0
1453688824,s3,0.00,342.00,342.00,342,0,0.00,1.00,1.00,1,0,0.00,0.00,0,0
1453688824,s2-eth2,27600.00,1223306.00,1250906.00,1223306,27600,414.00,413.00,827.00,413,414,0.00,0.00,0,0
1453688824,s2-eth1,1223306.00,27258.00,1250564.00,27258,1223306,413.00,413.00,826.00,413,413,0.00,0.00,0,0
1453688824,lo,326.00,326.00,652.00,326,326,3.00,3.00,6.00,3,3,0.00,0.00,0,0
1453688824,s4,0.00,0.00,0.00,0,0,0.00,0.00,0.00,0,0,0.00,0.00,0,0
1453688824,s3-eth2,27942.00,1223306.00,1251248.00,1223306,27942,415.00,413.00,828.00,413,415,0.00,0.00,0,0
1453688824,s3-eth1,1223306.00,27600.00,1250906.00,27600,1223306,413.00,414.00,827.00,414,413,0.00,0.00,0,0
1453688824,total,3753044.00,3752702.00,7505746.00,3752702,3753044,2484.00,2483.00,4967.00,2483,2484,0.00,0.00,0,0
1453688825,s5,0.00,0.00,0.00,0,0,0.00,0.00,0.00,0,0,0.00,0.00,0,0
1453688825,s1,0.00,0.00,0.00,0,0,0.00,0.00,0.00,0,0,0.00,0.00,0,0
1453688825,eth0,0.00,0.00,0.00,0,0,0.00,0.00,0.00,0,0,0.00,0.00,0,0
1453688825,eth1,0.00,0.00,0.00,0,0,0.00,0.00,0.00,0,0,0.00,0.00,0,0
1453688825,s2,0.00,449.00,449.00,449,0,0.00,2.00,2.00,2,0,0.00,0.00,0,0
1453688825,s1-eth2,27707.00,1228190.00,1255897.00,1228190,27707,415.00,487.00,902.00,487,415,0.00,0.00,0,0
1453688825,s1-eth1,1228297.00,27258.00,1255555.00,27258,1228297,488.00,413.00,901.00,413,488,0.00,0.00,0,0
1453688825,s3,0.00,449.00,449.00,449,0,0.00,2.00,2.00,2,0,0.00,0.00,0,0
1453688825,s2-eth2,27707.00,1228190.00,1255897.00,1228190,27707,415.00,487.00,902.00,487,415,0.00,0.00,0,0
1453688825,s2-eth1,1228190.00,27707.00,1255897.00,27707,1228190,487.00,415.00,902.00,415,487,0.00,0.00,0,0
1453688825,lo,1606.00,1606.00,3212.00,1606,1606,18.00,18.00,36.00,18,18,0.00,0.00,0,0
1453688825,s4,0.00,0.00,0.00,0,0,0.00,0.00,0.00,0,0,0.00,0.00,0,0
1453688825,s3-eth2,27707.00,1228190.00,1255897.00,1228190,27707,415.00,487.00,902.00,487,415,0.00,0.00,0,0
1453688825,s3-eth1,1228190.00,27707.00,1255897.00,27707,1228190,487.00,415.00,902.00,415,487,0.00,0.00,0,0
1453688825,total,3769404.00,3769746.00,7539150.00,3769746,3769404,2725.00,2726.00,5451.00,2726,2725,0.00,0.00,0,0
1453688826,s5,0.00,0.00,0.00,0,0,0.00,0.00,0.00,0,0,0.00,0.00,0,0
1453688826,s1,0.00,626.00,626.00,626,0,0.00,4.00,4.00,4,0,0.00,0.00,0,0
1453688826,eth0,0.00,0.00,0.00,0,0,0.00,0.00,0.00,0,0,0.00,0.00,0,0
1453688826,eth1,0.00,0.00,0.00,0,0,0.00,0.00,0.00,0,0,0.00,0.00,0,0
1453688826,s2,0.00,589.00,589.00,589,0,0.00,4.00,4.00,4,0,0.00,0.00,0,0
1453688826,s1-eth2,27262.00,1223932.00,1251194.00,1223932,27262,413.00,417.00,830.00,417,413,0.00,0.00,0,0
1453688826,s1-eth1,1221040.00,27258.00,1248298.00,27258,1221040,417.00,413.00,830.00,413,417,0.00,0.00,0,0
1453688826,s3,0.00,247.00,247.00,247,0,0.00,3.00,3.00,3,0,0.00,0.00,0,0
1453688826,s2-eth2,27505.00,1223825.00,1251330.00,1223825,27505,416.00,416.00,832.00,416,416,0.00,0.00,0,0
1453688826,s2-eth1,1223932.00,27262.00,1251194.00,27262,1223932,417.00,413.00,830.00,413,417,0.00,0.00,0,0
1453688826,lo,3212.00,3212.00,6424.00,3212,3212,33.00,33.00,66.00,33,33,0.00,0.00,0,0
1453688826,s4,0.00,0.00,0.00,0,0,0.00,0.00,0.00,0,0,0.00,0.00,0,0
1453688826,s3-eth2,27546.00,1223306.00,1250852.00,1223306,27546,416.00,413.00,829.00,413,416,0.00,0.00,0,0
1453688826,s3-eth1,1223825.00,27505.00,1251330.00,27505,1223825,416.00,416.00,832.00,416,416,0.00,0.00,0,0
1453688826,total,3754322.00,3757762.00,7512084.00,3757762,3754322,2528.00,2532.00,5060.00,2532,2528,0.00,0.00,0,0
1453688827,s5,0.00,0.00,0.00,0,0,0.00,0.00,0.00,0,0,0.00,0.00,0,0
1453688827,s1,0.00,412.00,412.00,412,0,0.00,2.00,2.00,2,0,0.00,0.00,0,0
1453688827,eth0,0.00,0.00,0.00,0,0,0.00,0.00,0.00,0,0,0.00,0.00,0,0
1453688827,eth1,0.00,0.00,0.00,0,0,0.00,0.00,0.00,0,0,0.00,0.00,0,0
1453688827,s2,0.00,0.00,0.00,0,0,0.00,0.00,0.00,0,0,0.00,0.00,0,0
1453688827,s1-eth2,27258.00,1223718.00,1250976.00,1223718,27258,413.00,415.00,828.00,415,413,0.00,0.00,0,0
1453688827,s1-eth1,1223718.00,27258.00,1250976.00,27258,1223718,415.00,413.00,828.00,413,415,0.00,0.00,0,0
1453688827,s3,0.00,0.00,0.00,0,0,0.00,0.00,0.00,0,0,0.00,0.00,0,0
1453688827,s2-eth2,27258.00,1223306.00,1250564.00,1223306,27258,413.00,413.00,826.00,413,413,0.00,0.00,0,0
1453688827,s2-eth1,1223718.00,27258.00,1250976.00,27258,1223718,415.00,413.00,828.00,413,415,0.00,0.00,0,0
1453688827,lo,594.00,594.00,1188.00,594,594,6.00,6.00,12.00,6,6,0.00,0.00,0,0
1453688827,s4,0.00,0.00,0.00,0,0,0.00,0.00,0.00,0,0,0.00,0.00,0,0
1453688827,s3-eth2,27328.00,1223306.00,1250634.00,1223306,27328,414.00,413.00,827.00,413,414,0.00,0.00,0,0
1453688827,s3-eth1,1223306.00,27258.00,1250564.00,27258,1223306,413.00,413.00,826.00,413,413,0.00,0.00,0,0
1453688827,total,3753180.00,3753110.00,7506290.00,3753110,3753180,2489.00,2488.00,4977.00,2488,2489,0.00,0.00,0,0
1453688828,s5,0.00,0.00,0.00,0,0,0.00,0.00,0.00,0,0,0.00,0.00,0,0
1453688828,s1,0.00,0.00,0.00,0,0,0.00,0.00,0.00,0,0,0.00,0.00,0,0
1453688828,eth0,0.00,0.00,0.00,0,0,0.00,0.00,0.00,0,0,0.00,0.00,0,0
1453688828,eth1,0.00,0.00,0.00,0,0,0.00,0.00,0.00,0,0,0.00,0.00,0,0
1453688828,s2,0.00,0.00,0.00,0,0,0.00,0.00,0.00,0,0,0.00,0.00,0,0
1453688828,s1-eth2,27258.00,1220344.00,1247602.00,1220344,27258,413.00,412.00,825.00,412,413,0.00,0.00,0,0
1453688828,s1-eth1,1223648.00,27192.00,1250840.00,27192,1223648,414.00,412.00,826.00,412,414,0.00,0.00,0,0
1453688828,s3,0.00,0.00,0.00,0,0,0.00,0.00,0.00,0,0,0.00,0.00,0,0
1453688828,s2-eth2,27258.00,1223306.00,1250564.00,1223306,27258,413.00,413.00,826.00,413,413,0.00,0.00,0,0
1453688828,s2-eth1,1220344.00,27258.00,1247602.00,27258,1220344,412.00,413.00,825.00,413,412,0.00,0.00,0,0
1453688828,lo,0.00,0.00,0.00,0,0,0.00,0.00,0.00,0,0,0.00,0.00,0,0
1453688828,s4,0.00,0.00,0.00,0,0,0.00,0.00,0.00,0,0,0.00,0.00,0,0
1453688828,s3-eth2,27258.00,1223306.00,1250564.00,1223306,27258,413.00,413.00,826.00,413,413,0.00,0.00,0,0
1453688828,s3-eth1,1223306.00,27258.00,1250564.00,27258,1223306,413.00,413.00,826.00,413,413,0.00,0.00,0,0
1453688828,total,3749072.00,3748664.00,7497736.00,3748664,3749072,2478.00,2476.00,4954.00,2476,2478,0.00,0.00,0,0
1453688829,s5,0.00,0.00,0.00,0,0,0.00,0.00,0.00,0,0,0.00,0.00,0,0
1453688829,s1,0.00,0.00,0.00,0,0,0.00,0.00,0.00,0,0,0.00,0.00,0,0
1453688829,eth0,0.00,0.00,0.00,0,0,0.00,0.00,0.00,0,0,0.00,0.00,0,0
1453688829,eth1,0.00,0.00,0.00,0,0,0.00,0.00,0.00,0,0,0.00,0.00,0,0
1453688829,s2,0.00,0.00,0.00,0,0,0.00,0.00,0.00,0,0,0.00,0.00,0,0
1453688829,s1-eth2,27258.00,1223306.00,1250564.00,1223306,27258,413.00,413.00,826.00,413,413,0.00,0.00,0,0
1453688829,s1-eth1,1223306.00,27258.00,1250564.00,27258,1223306,413.00,413.00,826.00,413,413,0.00,0.00,0,0
1453688829,s3,0.00,0.00,0.00,0,0,0.00,0.00,0.00,0,0,0.00,0.00,0,0
1453688829,s2-eth2,27258.00,1223306.00,1250564.00,1223306,27258,413.00,413.00,826.00,413,413,0.00,0.00,0,0
1453688829,s2-eth1,1223306.00,27258.00,1250564.00,27258,1223306,413.00,413.00,826.00,413,413,0.00,0.00,0,0
1453688829,lo,0.00,0.00,0.00,0,0,0.00,0.00,0.00,0,0,0.00,0.00,0,0
1453688829,s4,0.00,0.00,0.00,0,0,0.00,0.00,0.00,0,0,0.00,0.00,0,0
1453688829,s3-eth2,27258.00,1223306.00,1250564.00,1223306,27258,413.00,413.00,826.00,413,413,0.00,0.00,0,0
1453688829,s3-eth1,1223306.00,27258.00,1250564.00,27258,1223306,413.00,413.00,826.00,413,413,0.00,0.00,0,0
1453688829,total,3751692.00,3751692.00,7503384.00,3751692,3751692,2478.00,2478.00,4956.00,2478,2478,0.00,0.00,0,0
1453688830,s5,0.00,0.00,0.00,0,0,0.00,0.00,0.00,0,0,0.00,0.00,0,0
1453688830,s1,0.00,0.00,0.00,0,0,0.00,0.00,0.00,0,0,0.00,0.00,0,0
1453688830,eth0,0.00,0.00,0.00,0,0,0.00,0.00,0.00,0,0,0.00,0.00,0,0
1453688830,eth1,0.00,0.00,0.00,0,0,0.00,0.00,0.00,0,0,0.00,0.00,0,0
1453688830,s2,0.00,0.00,0.00,0,0,0.00,0.00,0.00,0,0,0.00,0.00,0,0
1453688830,s1-eth2,27258.00,1223306.00,1250564.00,1223306,27258,413.00,413.00,826.00,413,413,0.00,0.00,0,0
1453688830,s1-eth1,1223306.00,27258.00,1250564.00,27258,1223306,413.00,413.00,826.00,413,413,0.00,0.00,0,0
1453688830,s3,0.00,0.00,0.00,0,0,0.00,0.00,0.00,0,0,0.00,0.00,0,0
1453688830,s2-eth2,27258.00,1223306.00,1250564.00,1223306,27258,413.00,413.00,826.00,413,413,0.00,0.00,0,0
1453688830,s2-eth1,1223306.00,27258.00,1250564.00,27258,1223306,413.00,413.00,826.00,413,413,0.00,0.00,0,0
1453688830,lo,344.00,344.00,688.00,344,344,6.00,6.00,12.00,6,6,0.00,0.00,0,0
1453688830,s4,0.00,0.00,0.00,0,0,0.00,0.00,0.00,0,0,0.00,0.00,0,0
1453688830,s3-eth2,27258.00,1223306.00,1250564.00,1223306,27258,413.00,413.00,826.00,413,413,0.00,0.00,0,0
1453688830,s3-eth1,1223306.00,27258.00,1250564.00,27258,1223306,413.00,413.00,826.00,413,413,0.00,0.00,0,0
1453688830,total,3752036.00,3752036.00,7504072.00,3752036,3752036,2484.00,2484.00,4968.00,2484,2484,0.00,0.00,0,0
1453688831,s5,0.00,0.00,0.00,0,0,0.00,0.00,0.00,0,0,0.00,0.00,0,0
1453688831,s1,0.00,0.00,0.00,0,0,0.00,0.00,0.00,0,0,0.00,0.00,0,0
1453688831,eth0,0.00,0.00,0.00,0,0,0.00,0.00,0.00,0,0,0.00,0.00,0,0
1453688831,eth1,0.00,0.00,0.00,0,0,0.00,0.00,0.00,0,0,0.00,0.00,0,0
1453688831,s2,0.00,0.00,0.00,0,0,0.00,0.00,0.00,0,0,0.00,0.00,0,0
1453688831,s1-eth2,27258.00,1223306.00,1250564.00,1223306,27258,413.00,413.00,826.00,413,413,0.00,0.00,0,0
1453688831,s1-eth1,1223306.00,27324.00,1250630.00,27324,1223306,413.00,414.00,827.00,414,413,0.00,0.00,0,0
1453688831,s3,0.00,0.00,0.00,0,0,0.00,0.00,0.00,0,0,0.00,0.00,0,0
1453688831,s2-eth2,27258.00,1223306.00,1250564.00,1223306,27258,413.00,413.00,826.00,413,413,0.00,0.00,0,0
1453688831,s2-eth1,1226268.00,27258.00,1253526.00,27258,1226268,414.00,413.00,827.00,413,414,0.00,0.00,0,0
1453688831,lo,344.00,344.00,688.00,344,344,6.00,6.00,12.00,6,6,0.00,0.00,0,0
1453688831,s4,0.00,0.00,0.00,0,0,0.00,0.00,0.00,0,0,0.00,0.00,0,0
1453688831,s3-eth2,27258.00,1223306.00,1250564.00,1223306,27258,413.00,413.00,826.00,413,413,0.00,0.00,0,0
1453688831,s3-eth1,1223306.00,27258.00,1250564.00,27258,1223306,413.00,413.00,826.00,413,413,0.00,0.00,0,0
1453688831,total,3754998.00,3752102.00,7507100.00,3752102,3754998,2485.00,2485.00,4970.00,2485,2485,0.00,0.00,0,0
1453688832,s5,0.00,0.00,0.00,0,0,0.00,0.00,0.00,0,0,0.00,0.00,0,0
1453688832,s1,0.00,0.00,0.00,0,0,0.00,0.00,0.00,0,0,0.00,0.00,0,0
1453688832,eth0,0.00,0.00,0.00,0,0,0.00,0.00,0.00,0,0,0.00,0.00,0,0
1453688832,eth1,0.00,0.00,0.00,0,0,0.00,0.00,0.00,0,0,0.00,0.00,0,0
1453688832,s2,0.00,0.00,0.00,0,0,0.00,0.00,0.00,0,0,0.00,0.00,0,0
1453688832,s1-eth2,7062.00,298518.00,305580.00,298518,7062,107.00,103.00,210.00,103,107,0.00,0.00,0,0
1453688832,s1-eth1,310366.00,6996.00,317362.00,6996,310366,107.00,106.00,213.00,106,107,0.00,0.00,0,0
1453688832,s3,0.00,342.00,342.00,342,0,0.00,1.00,1.00,1,0,0.00,0.00,0,0
1453688832,s2-eth2,7404.00,280746.00,288150.00,280746,7404,108.00,97.00,205.00,97,108,0.00,0.00,0,0
1453688832,s2-eth1,295556.00,7062.00,302618.00,7062,295556,102.00,107.00,209.00,107,102,0.00,0.00,0,0
1453688832,lo,498.00,498.00,996.00,498,498,6.00,6.00,12.00,6,6,0.00,0.00,0,0
1453688832,s4,0.00,0.00,0.00,0,0,0.00,0.00,0.00,0,0,0.00,0.00,0,0
1453688832,s3-eth2,7470.00,265936.00,273406.00,265936,7470,109.00,92.00,201.00,92,109,0.00,0.00,0,0
1453688832,s3-eth1,280746.00,7404.00,288150.00,7404,280746,97.00,108.00,205.00,108,97,0.00,0.00,0,0
1453688832,total,909102.00,867502.00,1776604.00,867502,909102,636.00,620.00,1256.00,620,636,0.00,0.00,0,0
1453688833,s5,0.00,0.00,0.00,0,0,0.00,0.00,0.00,0,0,0.00,0.00,0,0
1453688833,s1,0.00,0.00,0.00,0,0,0.00,0.00,0.00,0,0,0.00,0.00,0,0
1453688833,eth0,0.00,0.00,0.00,0,0,0.00,0.00,0.00,0,0,0.00,0.00,0,0
1453688833,eth1,0.00,0.00,0.00,0,0,0.00,0.00,0.00,0,0,0.00,0.00,0,0
1453688833,s2,0.00,106.89,106.89,107,0,0.00,1.00,1.00,1,0,0.00,0.00,0,0
1453688833,s1-eth2,106.89,0.00,106.89,0,107,1.00,0.00,1.00,0,1,0.00,0.00,0,0
1453688833,s1-eth1,106.89,0.00,106.89,0,107,1.00,0.00,1.00,0,1,0.00,0.00,0,0
1453688833,s3,0.00,106.89,106.89,107,0,0.00,1.00,1.00,1,0,0.00,0.00,0,0
1453688833,s2-eth2,106.89,0.00,106.89,0,107,1.00,0.00,1.00,0,1,0.00,0.00,0,0
1453688833,s2-eth1,0.00,106.89,106.89,107,0,0.00,1.00,1.00,1,0,0.00,0.00,0,0
1453688833,lo,609.39,609.39,1218.78,610,610,5.99,5.99,11.99,6,6,0.00,0.00,0,0
1453688833,s4,0.00,0.00,0.00,0,0,0.00,0.00,0.00,0,0,0.00,0.00,0,0
1453688833,s3-eth2,106.89,0.00,106.89,0,107,1.00,0.00,1.00,0,1,0.00,0.00,0,0
1453688833,s3-eth1,0.00,106.89,106.89,107,0,0.00,1.00,1.00,1,0,0.00,0.00,0,0
1453688833,total,1036.96,1036.96,2073.93,1038,1038,9.99,9.99,19.98,10,10,0.00,0.00,0,0
1453688834,s5,0.00,0.00,0.00,0,0,0.00,0.00,0.00,0,0,0.00,0.00,0,0
1453688834,s1,0.00,213.79,213.79,214,0,0.00,2.00,2.00,2,0,0.00,0.00,0,0
1453688834,eth0,0.00,0.00,0.00,0,0,0.00,0.00,0.00,0,0,0.00,0.00,0,0
1453688834,eth1,0.00,0.00,0.00,0,0,0.00,0.00,0.00,0,0,0.00,0.00,0,0
1453688834,s2,0.00,106.89,106.89,107,0,0.00,1.00,1.00,1,0,0.00,0.00,0,0
1453688834,s1-eth2,0.00,213.79,213.79,214,0,0.00,2.00,2.00,2,0,0.00,0.00,0,0
1453688834,s1-eth1,213.79,0.00,213.79,0,214,2.00,0.00,2.00,0,2,0.00,0.00,0,0
1453688834,s3,0.00,106.89,106.89,107,0,0.00,1.00,1.00,1,0,0.00,0.00,0,0
1453688834,s2-eth2,106.89,106.89,213.79,107,107,1.00,1.00,2.00,1,1,0.00,0.00,0,0
1453688834,s2-eth1,213.79,0.00,213.79,0,214,2.00,0.00,2.00,0,2,0.00,0.00,0,0
1453688834,lo,1218.78,1218.78,2437.56,1220,1220,11.99,11.99,23.98,12,12,0.00,0.00,0,0
1453688834,s4,0.00,0.00,0.00,0,0,0.00,0.00,0.00,0,0,0.00,0.00,0,0
1453688834,s3-eth2,555.44,0.00,555.44,0,556,3.00,0.00,3.00,0,3,0.00,0.00,0,0
1453688834,s3-eth1,106.89,106.89,213.79,107,107,1.00,1.00,2.00,1,1,0.00,0.00,0,0
1453688834,total,2415.58,2073.93,4489.51,2076,2418,20.98,19.98,40.96,20,21,0.00,0.00,0,0
1453688835,s5,0.00,0.00,0.00,0,0,0.00,0.00,0.00,0,0,0.00,0.00,0,0
1453688835,s1,0.00,0.00,0.00,0,0,0.00,0.00,0.00,0,0,0.00,0.00,0,0
1453688835,eth0,0.00,0.00,0.00,0,0,0.00,0.00,0.00,0,0,0.00,0.00,0,0
1453688835,eth1,0.00,0.00,0.00,0,0,0.00,0.00,0.00,0,0,0.00,0.00,0,0
1453688835,s2,0.00,0.00,0.00,0,0,0.00,0.00,0.00,0,0,0.00,0.00,0,0
1453688835,s1-eth2,0.00,0.00,0.00,0,0,0.00,0.00,0.00,0,0,0.00,0.00,0,0
1453688835,s1-eth1,0.00,0.00,0.00,0,0,0.00,0.00,0.00,0,0,0.00,0.00,0,0
1453688835,s3,0.00,0.00,0.00,0,0,0.00,0.00,0.00,0,0,0.00,0.00,0,0
1453688835,s2-eth2,0.00,0.00,0.00,0,0,0.00,0.00,0.00,0,0,0.00,0.00,0,0
1453688835,s2-eth1,0.00,0.00,0.00,0,0,0.00,0.00,0.00,0,0,0.00,0.00,0,0
1453688835,lo,343.66,343.66,687.31,344,344,5.99,5.99,11.99,6,6,0.00,0.00,0,0
1453688835,s4,0.00,0.00,0.00,0,0,0.00,0.00,0.00,0,0,0.00,0.00,0,0
1453688835,s3-eth2,0.00,0.00,0.00,0,0,0.00,0.00,0.00,0,0,0.00,0.00,0,0
1453688835,s3-eth1,0.00,0.00,0.00,0,0,0.00,0.00,0.00,0,0,0.00,0.00,0,0
1453688835,total,343.66,343.66,687.31,344,344,5.99,5.99,11.99,6,6,0.00,0.00,0,0
1453688836,s5,0.00,0.00,0.00,0,0,0.00,0.00,0.00,0,0,0.00,0.00,0,0
1453688836,s1,0.00,0.00,0.00,0,0,0.00,0.00,0.00,0,0,0.00,0.00,0,0
1453688836,eth0,0.00,0.00,0.00,0,0,0.00,0.00,0.00,0,0,0.00,0.00,0,0
1453688836,eth1,0.00,0.00,0.00,0,0,0.00,0.00,0.00,0,0,0.00,0.00,0,0
1453688836,s2,0.00,0.00,0.00,0,0,0.00,0.00,0.00,0,0,0.00,0.00,0,0
1453688836,s1-eth2,0.00,0.00,0.00,0,0,0.00,0.00,0.00,0,0,0.00,0.00,0,0
1453688836,s1-eth1,0.00,0.00,0.00,0,0,0.00,0.00,0.00,0,0,0.00,0.00,0,0
14536