1453688389,s5,0.00,0.00,0.00,0,0,0.00,0.00,0.00,0,0,0.00,0.00,0,0
1453688389,s1,0.00,0.00,0.00,0,0,0.00,0.00,0.00,0,0,0.00,0.00,0,0
1453688389,eth0,0.00,0.00,0.00,0,0,0.00,0.00,0.00,0,0,0.00,0.00,0,0
1453688389,eth1,0.00,0.00,0.00,0,0,0.00,0.00,0.00,0,0,0.00,0.00,0,0
1453688389,s2,0.00,0.00,0.00,0,0,0.00,0.00,0.00,0,0,0.00,0.00,0,0
1453688389,s1-eth2,0.00,0.00,0.00,0,0,0.00,0.00,0.00,0,0,0.00,0.00,0,0
1453688389,s1-eth1,0.00,0.00,0.00,0,0,0.00,0.00,0.00,0,0,0.00,0.00,0,0
1453688389,s3,0.00,0.00,0.00,0,0,0.00,0.00,0.00,0,0,0.00,0.00,0,0
1453688389,s2-eth2,0.00,0.00,0.00,0,0,0.00,0.00,0.00,0,0,0.00,0.00,0,0
1453688389,s2-eth1,0.00,0.00,0.00,0,0,0.00,0.00,0.00,0,0,0.00,0.00,0,0
1453688389,lo,0.00,0.00,0.00,0,0,0.00,0.00,0.00,0,0,0.00,0.00,0,0
1453688389,s4,0.00,0.00,0.00,0,0,0.00,0.00,0.00,0,0,0.00,0.00,0,0
1453688389,s3-eth2,0.00,0.00,0.00,0,0,0.00,0.00,0.00,0,0,0.00,0.00,0,0
1453688389,s3-eth1,0.00,0.00,0.00,0,0,0.00,0.00,0.00,0,0,0.00,0.00,0,0
1453688389,total,0.00,0.00,0.00,0,0,0.00,0.00,0.00,0,0,0.00,0.00,0,0
1453688390,s5,0.00,0.00,0.00,0,0,0.00,0.00,0.00,0,0,0.00,0.00,0,0
1453688390,s1,160.00,3500.00,3660.00,3500,160,2.00,20.00,22.00,20,2,0.00,0.00,0,0
1453688390,eth0,608.00,1580.00,2188.00,1580,608,8.00,8.00,16.00,8,8,0.00,0.00,0,0
1453688390,eth1,0.00,0.00,0.00,0,0,0.00,0.00,0.00,0,0,0.00,0.00,0,0
1453688390,s2,0.00,3680.00,3680.00,3680,0,0.00,22.00,22.00,22,0,0.00,0.00,0,0
1453688390,s1-eth2,29225.00,1223594.00,1252819.00,1223594,29225,425.00,429.00,854.00,429,425,0.00,0.00,0,0
1453688390,s1-eth1,1224810.00,27442.00,1252252.00,27442,1224810,436.00,415.00,851.00,415,436,0.00,0.00,0,0
1453688390,s3,0.00,3493.00,3493.00,3493,0,0.00,23.00,23.00,23,0,0.00,0.00,0,0
1453688390,s2-eth2,30525.00,1221925.00,1252450.00,1221925,30525,433.00,420.00,853.00,420,433,0.00,0.00,0,0
1453688390,s2-eth1,1223594.00,29225.00,1252819.00,29225,1223594,429.00,425.00,854.00,425,429,0.00,0.00,0,0
1453688390,lo,21172.00,21172.00,42344.00,21172,21172,200.00,200.00,400.00,200,200,0.00,0.00,0,0
1453688390,s4,0.00,0.00,0.00,0,0,0.00,0.00,0.00,0,0,0.00,0.00,0,0
1453688390,s3-eth2,31860.00,1223466.00,1255326.00,1223466,31860,438.00,415.00,853.00,415,438,0.00,0.00,0,0
1453688390,s3-eth1,1221925.00,30525.00,1252450.00,30525,1221925,420.00,433.00,853.00,433,420,0.00,0.00,0,0
1453688390,total,3783879.00,3789602.00,7573481.00,3789602,3783879,2791.00,2810.00,5601.00,2810,2791,0.00,0.00,0,0
1453688391,s5,0.00,0.00,0.00,0,0,0.00,0.00,0.00,0,0,0.00,0.00,0,0
1453688391,s1,90.00,1832.00,1922.00,1832,90,1.00,8.00,9.00,8,1,0.00,0.00,0,0
1453688391,eth0,152.00,395.00,547.00,395,152,2.00,2.00,4.00,2,2,0.00,0.00,0,0
1453688391,eth1,0.00,0.00,0.00,0,0,0.00,0.00,0.00,0,0,0.00,0.00,0,0
1453688391,s2,0.00,1902.00,1902.00,1902,0,0.00,9.00,9.00,9,0,0.00,0.00,0,0
1453688391,s1-eth2,28335.00,1222176.00,1250511.00,1222176,28335,418.00,420.00,838.00,420,418,0.00,0.00,0,0
1453688391,s1-eth1,1222935.00,27192.00,1250127.00,27192,1222935,423.00,412.00,835.00,412,423,0.00,0.00,0,0
1453688391,s3,0.00,2741.00,2741.00,2741,0,0.00,14.00,14.00,14,0,0.00,0.00,0,0
1453688391,s2-eth2,29843.00,1224065.00,1253908.00,1224065,29843,425.00,416.00,841.00,416,425,0.00,0.00,0,0
1453688391,s2-eth1,1222176.00,28335.00,1250511.00,28335,1222176,420.00,418.00,838.00,418,420,0.00,0.00,0,0
1453688391,lo,10305.00,10305.00,20610.00,10305,10305,97.00,97.00,194.00,97,97,0.00,0.00,0,0
1453688391,s4,0.00,0.00,0.00,0,0,0.00,0.00,0.00,0,0,0.00,0.00,0,0
1453688391,s3-eth2,30578.00,1223396.00,1253974.00,1223396,30578,428.00,414.00,842.00,414,428,0.00,0.00,0,0
1453688391,s3-eth1,1224065.00,29843.00,1253908.00,29843,1224065,416.00,425.00,841.00,425,416,0.00,0.00,0,0
1453688391,total,3768479.00,3772182.00,7540661.00,3772182,3768479,2630.00,2635.00,5265.00,2635,2630,0.00,0.00,0,0
1453688392,s5,0.00,0.00,0.00,0,0,0.00,0.00,0.00,0,0,0.00,0.00,0,0
1453688392,s1,0.00,701.00,701.00,701,0,0.00,3.00,3.00,3,0,0.00,0.00,0,0
1453688392,eth0,0.00,0.00,0.00,0,0,0.00,0.00,0.00,0,0,0.00,0.00,0,0
1453688392,eth1,0.00,0.00,0.00,0,0,0.00,0.00,0.00,0,0,0.00,0.00,0,0
1453688392,s2,0.00,701.00,701.00,701,0,0.00,3.00,3.00,3,0,0.00,0.00,0,0
1453688392,s1-eth2,27585.00,1224007.00,1251592.00,1224007,27585,414.00,416.00,830.00,416,414,0.00,0.00,0,0
1453688392,s1-eth1,1224381.00,27258.00,1251639.00,27258,1224381,418.00,413.00,831.00,413,418,0.00,0.00,0,0
1453688392,s3,0.00,654.00,654.00,654,0,0.00,2.00,2.00,2,0,0.00,0.00,0,0
1453688392,s2-eth2,27912.00,1223680.00,1251592.00,1223680,27912,415.00,415.00,830.00,415,415,0.00,0.00,0,0
1453688392,s2-eth1,1224007.00,27585.00,1251592.00,27585,1224007,416.00,414.00,830.00,414,416,0.00,0.00,0,0
1453688392,lo,2566.00,2566.00,5132.00,2566,2566,24.00,24.00,48.00,24,24,0.00,0.00,0,0
1453688392,s4,0.00,0.00,0.00,0,0,0.00,0.00,0.00,0,0,0.00,0.00,0,0
1453688392,s3-eth2,27953.00,1223306.00,1251259.00,1223306,27953,415.00,413.00,828.00,413,415,0.00,0.00,0,0
1453688392,s3-eth1,1223680.00,27912.00,1251592.00,27912,1223680,415.00,415.00,830.00,415,415,0.00,0.00,0,0
1453688392,total,3758084.00,3758370.00,7516454.00,3758370,3758084,2517.00,2518.00,5035.00,2518,2517,0.00,0.00,0,0
1453688393,s5,0.00,0.00,0.00,0,0,0.00,0.00,0.00,0,0,0.00,0.00,0,0
1453688393,s1,0.00,771.00,771.00,771,0,0.00,4.00,4.00,4,0,0.00,0.00,0,0
1453688393,eth0,60.00,60.00,120.00,60,60,1.00,1.00,2.00,1,1,0.00,0.00,0,0
1453688393,eth1,60.00,60.00,120.00,60,60,1.00,1.00,2.00,1,1,0.00,0.00,0,0
1453688393,s2,0.00,771.00,771.00,771,0,0.00,4.00,4.00,4,0,0.00,0.00,0,0
1453688393,s1-eth2,27632.00,1224077.00,1251709.00,1224077,27632,415.00,417.00,832.00,417,415,0.00,0.00,0,0
1453688393,s1-eth1,1224474.00,27192.00,1251666.00,27192,1224474,419.00,412.00,831.00,412,419,0.00,0.00,0,0
1453688393,s3,0.00,748.00,748.00,748,0,0.00,4.00,4.00,4,0,0.00,0.00,0,0
1453688393,s2-eth2,27940.00,1223703.00,1251643.00,1223703,27940,416.00,415.00,831.00,415,416,0.00,0.00,0,0
1453688393,s2-eth1,1224077.00,27632.00,1251709.00,27632,1224077,417.00,415.00,832.00,415,417,0.00,0.00,0,0
1453688393,lo,4056.00,4056.00,8112.00,4056,4056,42.00,42.00,84.00,42,42,0.00,0.00,0,0
1453688393,s4,0.00,0.00,0.00,0,0,0.00,0.00,0.00,0,0,0.00,0.00,0,0
1453688393,s3-eth2,28670.00,1223306.00,1251976.00,1223306,28670,420.00,413.00,833.00,413,420,0.00,0.00,0,0
1453688393,s3-eth1,1223703.00,27940.00,1251643.00,27940,1223703,415.00,416.00,831.00,416,415,0.00,0.00,0,0
1453688393,total,3760672.00,3760316.00,7520988.00,3760316,3760672,2546.00,2544.00,5090.00,2544,2546,0.00,0.00,0,0
1453688394,s5,0.00,0.00,0.00,0,0,0.00,0.00,0.00,0,0,0.00,0.00,0,0
1453688394,s1,70.00,537.00,607.00,537,70,1.00,4.00,5.00,4,1,0.00,0.00,0,0
1453688394,eth0,0.00,0.00,0.00,0,0,0.00,0.00,0.00,0,0,0.00,0.00,0,0
1453688394,eth1,0.00,0.00,0.00,0,0,0.00,0.00,0.00,0,0,0.00,0.00,0,0
1453688394,s2,0.00,607.00,607.00,607,0,0.00,5.00,5.00,5,0,0.00,0.00,0,0
1453688394,s1-eth2,27729.00,1220811.00,1248540.00,1220811,27729,416.00,415.00,831.00,415,416,0.00,0.00,0,0
1453688394,s1-eth1,1220881.00,27328.00,1248209.00,27328,1220881,416.00,414.00,830.00,414,416,0.00,0.00,0,0
1453688394,s3,0.00,1004.00,1004.00,1004,0,0.00,7.00,7.00,7,0,0.00,0.00,0,0
1453688394,s2-eth2,28192.00,1223376.00,1251568.00,1223376,28192,419.00,414.00,833.00,414,419,0.00,0.00,0,0
1453688394,s2-eth1,1220811.00,27729.00,1248540.00,27729,1220811,415.00,416.00,831.00,416,415,0.00,0.00,0,0
1453688394,lo,4788.00,4788.00,9576.00,4788,4788,51.00,51.00,102.00,51,51,0.00,0.00,0,0
1453688394,s4,0.00,0.00,0.00,0,0,0.00,0.00,0.00,0,0,0.00,0.00,0,0
1453688394,s3-eth2,28126.00,1223376.00,1251502.00,1223376,28126,418.00,414.00,832.00,414,418,0.00,0.00,0,0
1453688394,s3-eth1,1223376.00,28192.00,1251568.00,28192,1223376,414.00,419.00,833.00,419,414,0.00,0.00,0,0
1453688394,total,3753973.00,3757748.00,7511721.00,3757748,3753973,2550.00,2559.00,5109.00,2559,2550,0.00,0.00,0,0
1453688395,s5,0.00,0.00,0.00,0,0,0.00,0.00,0.00,0,0,0.00,0.00,0,0
1453688395,s1,0.00,0.00,0.00,0,0,0.00,0.00,0.00,0,0,0.00,0.00,0,0
1453688395,eth0,0.00,0.00,0.00,0,0,0.00,0.00,0.00,0,0,0.00,0.00,0,0
1453688395,eth1,0.00,0.00,0.00,0,0,0.00,0.00,0.00,0,0,0.00,0.00,0,0
1453688395,s2,0.00,342.00,342.00,342,0,0.00,1.00,1.00,1,0,0.00,0.00,0,0
1453688395,s1-eth2,27600.00,1223306.00,1250906.00,1223306,27600,414.00,413.00,827.00,413,414,0.00,0.00,0,0
1453688395,s1-eth1,1223306.00,27258.00,1250564.00,27258,1223306,413.00,413.00,826.00,413,413,0.00,0.00,0,0
1453688395,s3,0.00,684.00,684.00,684,0,0.00,2.00,2.00,2,0,0.00,0.00,0,0
1453688395,s2-eth2,27942.00,1223306.00,1251248.00,1223306,27942,415.00,413.00,828.00,413,415,0.00,0.00,0,0
1453688395,s2-eth1,1223306.00,27600.00,1250906.00,27600,1223306,413.00,414.00,827.00,414,413,0.00,0.00,0,0
1453688395,lo,978.00,978.00,1956.00,978,978,9.00,9.00,18.00,9,9,0.00,0.00,0,0
1453688395,s4,0.00,0.00,0.00,0,0,0.00,0.00,0.00,0,0,0.00,0.00,0,0
1453688395,s3-eth2,27942.00,1223306.00,1251248.00,1223306,27942,415.00,413.00,828.00,413,415,0.00,0.00,0,0
1453688395,s3-eth1,1223306.00,27942.00,1251248.00,27942,1223306,413.00,415.00,828.00,415,413,0.00,0.00,0,0
1453688395,total,3754380.00,3754722.00,7509102.00,3754722,3754380,2492.00,2493.00,4985.00,2493,2492,0.00,0.00,0,0
1453688396,s5,0.00,0.00,0.00,0,0,0.00,0.00,0.00,0,0,0.00,0.00,0,0
1453688396,s1,0.00,107.00,107.00,107,0,0.00,1.00,1.00,1,0,0.00,0.00,0,0
1453688396,eth0,0.00,0.00,0.00,0,0,0.00,0.00,0.00,0,0,0.00,0.00,0,0
1453688396,eth1,0.00,0.00,0.00,0,0,0.00,0.00,0.00,0,0,0.00,0.00,0,0
1453688396,s2,0.00,107.00,107.00,107,0,0.00,1.00,1.00,1,0,0.00,0.00,0,0
1453688396,s1-eth2,27258.00,1223413.00,1250671.00,1223413,27258,413.00,414.00,827.00,414,413,0.00,0.00,0,0
1453688396,s1-eth1,1223520.00,27258.00,1250778.00,27258,1223520,415.00,413.00,828.00,413,415,0.00,0.00,0,0
1453688396,s3,0.00,0.00,0.00,0,0,0.00,0.00,0.00,0,0,0.00,0.00,0,0
1453688396,s2-eth2,27258.00,1223413.00,1250671.00,1223413,27258,413.00,414.00,827.00,414,413,0.00,0.00,0,0
1453688396,s2-eth1,1223413.00,27258.00,1250671.00,27258,1223413,414.00,413.00,827.00,413,414,0.00,0.00,0,0
1453688396,lo,610.00,610.00,1220.00,610,610,6.00,6.00,12.00,6,6,0.00,0.00,0,0
1453688396,s4,0.00,0.00,0.00,0,0,0.00,0.00,0.00,0,0,0.00,0.00,0,0
1453688396,s3-eth2,27707.00,1223306.00,1251013.00,1223306,27707,415.00,413.00,828.00,413,415,0.00,0.00,0,0
1453688396,s3-eth1,1223413.00,27258.00,1250671.00,27258,1223413,414.00,413.00,827.00,413,414,0.00,0.00,0,0
1453688396,total,3753179.00,3752730.00,7505909.00,3752730,3753179,2490.00,2488.00,4978.00,2488,2490,0.00,0.00,0,0
1453688397,s5,0.00,0.00,0.00,0,0,0.00,0.00,0.00,0,0,0.00,0.00,0,0
1453688397,s1,0.00,177.00,177.00,177,0,0.00,2.00,2.00,2,0,0.00,0.00,0,0
1453688397,eth0,0.00,0.00,0.00,0,0,0.00,0.00,0.00,0,0,0.00,0.00,0,0
1453688397,eth1,0.00,0.00,0.00,0,0,0.00,0.00,0.00,0,0,0.00,0.00,0,0
1453688397,s2,0.00,177.00,177.00,177,0,0.00,2.00,2.00,2,0,0.00,0.00,0,0
1453688397,s1-eth2,27365.00,1223483.00,1250848.00,1223483,27365,414.00,415.00,829.00,415,414,0.00,0.00,0,0
1453688397,s1-eth1,1223553.00,27258.00,1250811.00,27258,1223553,416.00,413.00,829.00,413,416,0.00,0.00,0,0
1453688397,s3,0.00,214.00,214.00,214,0,0.00,2.00,2.00,2,0,0.00,0.00,0,0
1453688397,s2-eth2,27472.00,1223376.00,1250848.00,1223376,27472,415.00,414.00,829.00,414,415,0.00,0.00,0,0
1453688397,s2-eth1,1223483.00,27365.00,1250848.00,27365,1223483,415.00,414.00,829.00,414,415,0.00,0.00,0,0
1453688397,lo,1756.00,1756.00,3512.00,1756,1756,18.00,18.00,36.00,18,18,0.00,0.00,0,0
1453688397,s4,0.00,0.00,0.00,0,0,0.00,0.00,0.00,0,0,0.00,0.00,0,0
1453688397,s3-eth2,27542.00,1223306.00,1250848.00,1223306,27542,416.00,413.00,829.00,413,416,0.00,0.00,0,0
1453688397,s3-eth1,1223376.00,27472.00,1250848.00,27472,1223376,414.00,415.00,829.00,415,414,0.00,0.00,0,0
1453688397,total,3754547.00,3754584.00,7509131.00,3754584,3754547,2508.00,2508.00,5016.00,2508,2508,0.00,0.00,0,0
1453688398,s5,0.00,0.00,0.00,0,0,0.00,0.00,0.00,0,0,0.00,0.00,0,0
1453688398,s1,70.00,482.00,552.00,482,70,1.00,3.00,4.00,3,1,0.00,0.00,0,0
1453688398,eth0,0.00,0.00,0.00,0,0,0.00,0.00,0.00,0,0,0.00,0.00,0,0
1453688398,eth1,0.00,0.00,0.00,0,0,0.00,0.00,0.00,0,0,0.00,0.00,0,0
1453688398,s2,0.00,552.00,552.00,552,0,0.00,4.00,4.00,4,0,0.00,0.00,0,0
1453688398,s1-eth2,27468.00,1223718.00,1251186.00,1223718,27468,416.00,415.00,831.00,415,416,0.00,0.00,0,0
1453688398,s1-eth1,1224130.00,27262.00,1251392.00,27262,1224130,417.00,413.00,830.00,413,417,0.00,0.00,0,0
1453688398,s3,0.00,350.00,350.00,350,0,0.00,5.00,5.00,5,0,0.00,0.00,0,0
1453688398,s2-eth2,27472.00,1220686.00,1248158.00,1220686,27472,416.00,413.00,829.00,413,416,0.00,0.00,0,0
1453688398,s2-eth1,1223718.00,27468.00,1251186.00,27468,1223718,415.00,416.00,831.00,416,415,0.00,0.00,0,0
1453688398,lo,3944.00,3944.00,7888.00,3944,3944,45.00,45.00,90.00,45,45,0.00,0.00,0,0
1453688398,s4,0.00,0.00,0.00,0,0,0.00,0.00,0.00,0,0,0.00,0.00,0,0
1453688398,s3-eth2,27538.00,1223376.00,1250914.00,1223376,27538,417.00,414.00,831.00,414,417,0.00,0.00,0,0
1453688398,s3-eth1,1220686.00,27472.00,1248158.00,27472,1220686,413.00,416.00,829.00,416,413,0.00,0.00,0,0
1453688398,total,3755026.00,3755310.00,7510336.00,3755310,3755026,2540.00,2544.00,5084.00,2544,2540,0.00,0.00,0,0
1453688399,s5,0.00,0.00,0.00,0,0,0.00,0.00,0.00,0,0,0.00,0.00,0,0
1453688399,s1,0.00,412.00,412.00,412,0,0.00,2.00,2.00,2,0,0.00,0.00,0,0
1453688399,eth0,0.00,288.00,288.00,288,0,0.00,1.00,1.00,1,0,0.00,0.00,0,0
1453688399,eth1,0.00,288.00,288.00,288,0,0.00,1.00,1.00,1,0,0.00,0.00,0,0
1453688399,s2,0.00,70.00,70.00,70,0,0.00,1.00,1.00,1,0,0.00,0.00,0,0
1453688399,s1-eth2,27258.00,1227810.00,1255068.00,1227810,27258,413.00,477.00,890.00,477,413,0.00,0.00,0,0
1453688399,s1-eth1,1227810.00,27258.00,1255068.00,27258,1227810,477.00,413.00,890.00,413,477,0.00,0.00,0,0
1453688399,s3,0.00,342.00,342.00,342,0,0.00,1.00,1.00,1,0,0.00,0.00,0,0
1453688399,s2-eth2,27600.00,1227468.00,1255068.00,1227468,27600,414.00,476.00,890.00,476,414,0.00,0.00,0,0
1453688399,s2-eth1,1227810.00,27258.00,1255068.00,27258,1227810,477.00,413.00,890.00,413,477,0.00,0.00,0,0
1453688399,lo,1188.00,1188.00,2376.00,1188,1188,12.00,12.00,24.00,12,12,0.00,0.00,0,0
1453688399,s4,0.00,0.00,0.00,0,0,0.00,0.00,0.00,0,0,0.00,0.00,0,0
1453688399,s3-eth2,27600.00,1227398.00,1254998.00,1227398,27600,414.00,475.00,889.00,475,414,0.00,0.00,0,0
1453688399,s3-eth1,1227468.00,27600.00,1255068.00,27600,1227468,476.00,414.00,890.00,414,476,0.00,0.00,0,0
1453688399,total,3766734.00,3767380.00,7534114.00,3767380,3766734,2683.00,2686.00,5369.00,2686,2683,0.00,0.00,0,0
1453688400,s5,0.00,0.00,0.00,0,0,0.00,0.00,0.00,0,0,0.00,0.00,0,0
1453688400,s1,0.00,0.00,0.00,0,0,0.00,0.00,0.00,0,0,0.00,0.00,0,0
1453688400,eth0,0.00,0.00,0.00,0,0,0.00,0.00,0.00,0,0,0.00,0.00,0,0
1453688400,eth1,0.00,0.00,0.00,0,0,0.00,0.00,0.00,0,0,0.00,0.00,0,0
1453688400,s2,0.00,0.00,0.00,0,0,0.00,0.00,0.00,0,0,0.00,0.00,0,0
1453688400,s1-eth2,27258.00,1223306.00,1250564.00,1223306,27258,413.00,413.00,826.00,413,413,0.00,0.00,0,0
1453688400,s1-eth1,1223306.00,27258.00,1250564.00,27258,1223306,413.00,413.00,826.00,413,413,0.00,0.00,0,0
1453688400,s3,0.00,0.00,0.00,0,0,0.00,0.00,0.00,0,0,0.00,0.00,0,0
1453688400,s2-eth2,27258.00,1223306.00,1250564.00,1223306,27258,413.00,413.00,826.00,413,413,0.00,0.00,0,0
1453688400,s2-eth1,1223306.00,27258.00,1250564.00,27258,1223306,413.00,413.00,826.00,413,413,0.00,0.00,0,0
1453688400,lo,0.00,0.00,0.00,0,0,0.00,0.00,0.00,0,0,0.00,0.00,0,0
1453688400,s4,0.00,0.00,0.00,0,0,0.00,0.00,0.00,0,0,0.00,0.00,0,0
1453688400,s3-eth2,27258.00,1223306.00,1250564.00,1223306,27258,413.00,413.00,826.00,413,413,0.00,0.00,0,0
1453688400,s3-eth1,1223306.00,27258.00,1250564.00,27258,1223306,413.00,413.00,826.00,413,413,0.00,0.00,0,0
1453688400,total,3751692.00,3751692.00,7503384.00,3751692,3751692,2478.00,2478.00,4956.00,2478,2478,0.00,0.00,0,0
1453688401,s5,0.00,0.00,0.00,0,0,0.00,0.00,0.00,0,0,0.00,0.00,0,0
1453688401,s1,0.00,0.00,0.00,0,0,0.00,0.00,0.00,0,0,0.00,0.00,0,0
1453688401,eth0,0.00,0.00,0.00,0,0,0.00,0.00,0.00,0,0,0.00,0.00,0,0
1453688401,eth1,0.00,0.00,0.00,0,0,0.00,0.00,0.00,0,0,0.00,0.00,0,0
1453688401,s2,0.00,0.00,0.00,0,0,0.00,0.00,0.00,0,0,0.00,0.00,0,0
1453688401,s1-eth2,27258.00,1223306.00,1250564.00,1223306,27258,413.00,413.00,826.00,413,413,0.00,0.00,0,0
1453688401,s1-eth1,1223306.00,27258.00,1250564.00,27258,1223306,413.00,413.00,826.00,413,413,0.00,0.00,0,0
1453688401,s3,0.00,0.00,0.00,0,0,0.00,0.00,0.00,0,0,0.00,0.00,0,0
1453688401,s2-eth2,27258.00,1223306.00,1250564.00,1223306,27258,413.00,413.00,826.00,413,413,0.00,0.00,0,0
1453688401,s2-eth1,1223306.00,27258.00,1250564.00,27258,1223306,413.00,413.00,826.00,413,413,0.00,0.00,0,0
1453688401,lo,0.00,0.00,0.00,0,0,0.00,0.00,0.00,0,0,0.00,0.00,0,0
1453688401,s4,0.00,0.00,0.00,0,0,0.00,0.00,0.00,0,0,0.00,0.00,0,0
1453688401,s3-eth2,27600.00,1223306.00,1250906.00,1223306,27600,414.00,413.00,827.00,413,414,0.00,0.00,0,0
1453688401,s3-eth1,1223306.00,27258.00,1250564.00,27258,1223306,413.00,413.00,826.00,413,413,0.00,0.00,0,0
1453688401,total,3752034.00,3751692.00,7503726.00,3751692,3752034,2479.00,2478.00,4957.00,2478,2479,0.00,0.00,0,0
1453688402,s5,0.00,0.00,0.00,0,0,0.00,0.00,0.00,0,0,0.00,0.00,0,0
1453688402,s1,0.00,0.00,0.00,0,0,0.00,0.00,0.00,0,0,0.00,0.00,0,0
1453688402,eth0,0.00,0.00,0.00,0,0,0.00,0.00,0.00,0,0,0.00,0.00,0,0
1453688402,eth1,0.00,0.00,0.00,0,0,0.00,0.00,0.00,0,0,0.00,0.00,0,0
1453688402,s2,0.00,0.00,0.00,0,0,0.00,0.00,0.00,0,0,0.00,0.00,0,0
1453688402,s1-eth2,27258.00,1223306.00,1250564.00,1223306,27258,413.00,413.00,826.00,413,413,0.00,0.00,0,0
1453688402,s1-eth1,1223306.00,27258.00,1250564.00,27258,1223306,413.00,413.00,826.00,413,413,0.00,0.00,0,0
1453688402,s3,0.00,0.00,0.00,0,0,0.00,0.00,0.00,0,0,0.00,0.00,0,0
1453688402,s2-eth2,27258.00,1223306.00,1250564.00,1223306,27258,413.00,413.00,826.00,413,413,0.00,0.00,0,0
1453688402,s2-eth1,1223306.00,27258.00,1250564.00,27258,1223306,413.00,413.00,826.00,413,413,0.00,0.00,0,0
1453688402,lo,0.00,0.00,0.00,0,0,0.00,0.00,0.00,0,0,0.00,0.00,0,0
1453688402,s4,0.00,0.00,0.00,0,0,0.00,0.00,0.00,0,0,0.00,0.00,0,0
1453688402,s3-eth2,27258.00,1223306.00,1250564.00,1223306,27258,413.00,413.00,826.00,413,413,0.00,0.00,0,0
1453688402,s3-eth1,1223306.00,27258.00,1250564.00,27258,1223306,413.00,413.00,826.00,413,413,0.00,0.00,0,0
1453688402,total,3751692.00,3751692.00,7503384.00,3751692,3751692,2478.00,2478.00,4956.00,2478,2478,0.00,0.00,0,0
1453688403,s5,0.00,0.00,0.00,0,0,0.00,0.00,0.00,0,0,0.00,0.00,0,0
1453688403,s1,0.00,0.00,0.00,0,0,0.00,0.00,0.00,0,0,0.00,0.00,0,0
1453688403,eth0,0.00,0.00,0.00,0,0,0.00,0.00,0.00,0,0,0.00,0.00,0,0
1453688403,eth1,0.00,0.00,0.00,0,0,0.00,0.00,0.00,0,0,0.00,0.00,0,0
1453688403,s2,0.00,0.00,0.00,0,0,0.00,0.00,0.00,0,0,0.00,0.00,0,0
1453688403,s1-eth2,27258.00,1223306.00,1250564.00,1223306,27258,413.00,413.00,826.00,413,413,0.00,0.00,0,0
1453688403,s1-eth1,1223306.00,27258.00,1250564.00,27258,1223306,413.00,413.00,826.00,413,413,0.00,0.00,0,0
1453688403,s3,0.00,0.00,0.00,0,0,0.00,0.00,0.00,0,0,0.00,0.00,0,0
1453688403,s2-eth2,27258.00,1223306.00,1250564.00,1223306,27258,413.00,413.00,826.00,413,413,0.00,0.00,0,0
1453688403,s2-eth1,1223306.00,27258.00,1250564.00,27258,1223306,413.00,413.00,826.00,413,413,0.00,0.00,0,0
1453688403,lo,860.00,860.00,1720.00,860,860,15.00,15.00,30.00,15,15,0.00,0.00,0,0
1453688403,s4,0.00,0.00,0.00,0,0,0.00,0.00,0.00,0,0,0.00,0.00,0,0
1453688403,s3-eth2,27258.00,1223306.00,1250564.00,1223306,27258,413.00,413.00,826.00,413,413,0.00,0.00,0,0
1453688403,s3-eth1,1223306.00,27258.00,1250564.00,27258,1223306,413.00,413.00,826.00,413,413,0.00,0.00,0,0
1453688403,total,3752552.00,3752552.00,7505104.00,3752552,3752552,2493.00,2493.00,4986.00,2493,2493,0.00,0.00,0,0
1453688404,s5,0.00,0.00,0.00,0,0,0.00,0.00,0.00,0,0,0.00,0.00,0,0
1453688404,s1,0.00,449.00,449.00,449,0,0.00,2.00,2.00,2,0,0.00,0.00,0,0
1453688404,eth0,0.00,0.00,0.00,0,0,0.00,0.00,0.00,0,0,0.00,0.00,0,0
1453688404,eth1,0.00,0.00,0.00,0,0,0.00,0.00,0.00,0,0,0.00,0.00,0,0
1453688404,s2,0.00,791.00,791.00,791,0,0.00,3.00,3.00,3,0,0.00,0.00,0,0
1453688404,s1-eth2,27534.00,1223755.00,1251289.00,1223755,27534,413.00,415.00,828.00,415,413,0.00,0.00,0,0
1453688404,s1-eth1,1220900.00,27258.00,1248158.00,27258,1220900,415.00,413.00,828.00,413,415,0.00,0.00,0,0
1453688404,s3,0.00,342.00,342.00,342,0,0.00,1.00,1.00,1,0,0.00,0.00,0,0
1453688404,s2-eth2,27600.00,1223755.00,1251355.00,1223755,27600,414.00,415.00,829.00,415,414,0.00,0.00,0,0
1453688404,s2-eth1,1223755.00,27534.00,1251289.00,27534,1223755,415.00,413.00,828.00,413,415,0.00,0.00,0,0
1453688404,lo,1914.00,1914.00,3828.00,1914,1914,18.00,18.00,36.00,18,18,0.00,0.00,0,0
1453688404,s4,0.00,0.00,0.00,0,0,0.00,0.00,0.00,0,0,0.00,0.00,0,0
1453688404,s3-eth2,27707.00,1223306.00,1251013.00,1223306,27707,415.00,413.00,828.00,413,415,0.00,0.00,0,0
1453688404,s3-eth1,1223755.00,27600.00,1251355.00,27600,1223755,415.00,414.00,829.00,414,415,0.00,0.00,0,0
1453688404,total,3753165.00,3756704.00,7509869.00,3756704,3753165,2505.00,2507.00,5012.00,2507,2505,0.00,0.00,0,0
1453688405,s5,0.00,0.00,0.00,0,0,0.00,0.00,0.00,0,0,0.00,0.00,0,0
1453688405,s1,0.00,107.00,107.00,107,0,0.00,1.00,1.00,1,0,0.00,0.00,0,0
1453688405,eth0,0.00,0.00,0.00,0,0,0.00,0.00,0.00,0,0,0.00,0.00,0,0
1453688405,eth1,0.00,0.00,0.00,0,0,0.00,0.00,0.00,0,0,0.00,0.00,0,0
1453688405,s2,0.00,107.00,107.00,107,0,0.00,1.00,1.00,1,0,0.00,0.00,0,0
1453688405,s1-eth2,27365.00,1223413.00,1250778.00,1223413,27365,414.00,414.00,828.00,414,414,0.00,0.00,0,0
1453688405,s1-eth1,1223413.00,27258.00,1250671.00,27258,1223413,414.00,413.00,827.00,413,414,0.00,0.00,0,0
1453688405,s3,0.00,214.00,214.00,214,0,0.00,2.00,2.00,2,0,0.00,0.00,0,0
1453688405,s2-eth2,27472.00,1223306.00,1250778.00,1223306,27472,415.00,413.00,828.00,413,415,0.00,0.00,0,0
1453688405,s2-eth1,1223413.00,27365.00,1250778.00,27365,1223413,414.00,414.00,828.00,414,414,0.00,0.00,0,0
1453688405,lo,1220.00,1220.00,2440.00,1220,1220,12.00,12.00,24.00,12,12,0.00,0.00,0,0
1453688405,s4,0.00,0.00,0.00,0,0,0.00,0.00,0.00,0,0,0.00,0.00,0,0
1453688405,s3-eth2,27406.00,1223306.00,1250712.00,1223306,27406,414.00,413.00,827.00,413,414,0.00,0.00,0,0
1453688405,s3-eth1,1223306.00,27472.00,1250778.00,27472,1223306,413.00,415.00,828.00,415,413,0.00,0.00,0,0
1453688405,total,3753595.00,3753768.00,7507363.00,3753768,3753595,2496.00,2498.00,4994.00,2498,2496,0.00,0.00,0,0
1453688406,s5,0.00,0.00,0.00,0,0,0.00,0.00,0.00,0,0,0.00,0.00,0,0
1453688406,s1,0.00,0.00,0.00,0,0,0.00,0.00,0.00,0,0,0.00,0.00,0,0
1453688406,eth0,0.00,0.00,0.00,0,0,0.00,0.00,0.00,0,0,0.00,0.00,0,0
1453688406,eth1,0.00,0.00,0.00,0,0,0.00,0.00,0.00,0,0,0.00,0.00,0,0
1453688406,s2,0.00,0.00,0.00,0,0,0.00,0.00,0.00,0,0,0.00,0.00,0,0
1453688406,s1-eth2,27258.00,1223306.00,1250564.00,1223306,27258,413.00,413.00,826.00,413,413,0.00,0.00,0,0
1453688406,s1-eth1,1223306.00,27258.00,1250564.00,27258,1223306,413.00,413.00,826.00,413,413,0.00,0.00,0,0
1453688406,s3,0.00,342.00,342.00,342,0,0.00,1.00,1.00,1,0,0.00,0.00,0,0
1453688406,s2-eth2,27600.00,1223306.00,1250906.00,1223306,27600,414.00,413.00,827.00,413,414,0.00,0.00,0,0
1453688406,s2-eth1,1223306.00,27258.00,1250564.00,27258,1223306,413.00,413.00,826.00,413,413,0.00,0.00,0,0
1453688406,lo,326.00,326.00,652.00,326,326,3.00,3.00,6.00,3,3,0.00,0.00,0,0
1453688406,s4,0.00,0.00,0.00,0,0,0.00,0.00,0.00,0,0,0.00,0.00,0,0
1453688406,s3-eth2,27600.00,1223306.00,1250906.00,1223306,27600,414.00,413.00,827.00,413,414,0.00,0.00,0,0
1453688406,s3-eth1,1223306.00,27600.00,1250906.00,27600,1223306,413.00,414.00,827.00,414,413,0.00,0.00,0,0
1453688406,total,3752702.00,3752702.00,7505404.00,3752702,3752702,2483.00,2483.00,4966.00,2483,2483,0.00,0.00,0,0
1453688407,s5,0.00,0.00,0.00,0,0,0.00,0.00,0.00,0,0,0.00,0.00,0,0
1453688407,s1,0.00,0.00,0.00,0,0,0.00,0.00,0.00,0,0,0.00,0.00,0,0
1453688407,eth0,0.00,0.00,0.00,0,0,0.00,0.00,0.00,0,0,0.00,0.00,0,0
1453688407,eth1,0.00,0.00,0.00,0,0,0.00,0.00,0.00,0,0,0.00,0.00,0,0
1453688407,s2,0.00,0.00,0.00,0,0,0.00,0.00,0.00,0,0,0.00,0.00,0,0
1453688407,s1-eth2,27258.00,1223306.00,1250564.00,1223306,27258,413.00,413.00,826.00,413,413,0.00,0.00,0,0
1453688407,s1-eth1,1223306.00,27258.00,1250564.00,27258,1223306,413.00,413.00,826.00,413,413,0.00,0.00,0,0
1453688407,s3,0.00,0.00,0.00,0,0,0.00,0.00,0.00,0,0,0.00,0.00,0,0
1453688407,s2-eth2,27258.00,1223306.00,1250564.00,1223306,27258,413.00,413.00,826.00,413,413,0.00,0.00,0,0
1453688407,s2-eth1,1223306.00,27258.00,1250564.00,27258,1223306,413.00,413.00,826.00,413,413,0.00,0.00,0,0
1453688407,lo,0.00,0.00,0.00,0,0,0.00,0.00,0.00,0,0,0.00,0.00,0,0
1453688407,s4,0.00,0.00,0.00,0,0,0.00,0.00,0.00,0,0,0.00,0.00,0,0
1453688407,s3-eth2,27258.00,1220344.00,1247602.00,1220344,27258,413.00,412.00,825.00,412,413,0.00,0.00,0,0
1453688407,s3-eth1,1223306.00,27258.00,1250564.00,27258,1223306,413.00,413.00,826.00,413,413,0.00,0.00,0,0
1453688407,total,3751692.00,3748730.00,7500422.00,3748730,3751692,2478.00,2477.00,4955.00,2477,2478,0.00,0.00,0,0
1453688408,s5,0.00,0.00,0.00,0,0,0.00,0.00,0.00,0,0,0.00,0.00,0,0
1453688408,s1,0.00,0.00,0.00,0,0,0.00,0.00,0.00,0,0,0.00,0.00,0,0
1453688408,eth0,0.00,0.00,0.00,0,0,0.00,0.00,0.00,0,0,0.00,0.00,0,0
1453688408,eth1,0.00,0.00,0.00,0,0,0.00,0.00,0.00,0,0,0.00,0.00,0,0
1453688408,s2,0.00,0.00,0.00,0,0,0.00,0.00,0.00,0,0,0.00,0.00,0,0
1453688408,s1-eth2,27258.00,1223306.00,1250564.00,1223306,27258,413.00,413.00,826.00,413,413,0.00,0.00,0,0
1453688408,s1-eth1,1223648.00,27258.00,1250906.00,27258,1223648,414.00,413.00,827.00,413,414,0.00,0.00,0,0
1453688408,s3,0.00,0.00,0.00,0,0,0.00,0.00,0.00,0,0,0.00,0.00,0,0
1453688408,s2-eth2,27258.00,1223306.00,1250564.00,1223306,27258,413.00,413.00,826.00,413,413,0.00,0.00,0,0
1453688408,s2-eth1,1223306.00,27258.00,1250564.00,27258,1223306,413.00,413.00,826.00,413,413,0.00,0.00,0,0
1453688408,lo,344.00,344.00,688.00,344,344,6.00,6.00,12.00,6,6,0.00,0.00,0,0
1453688408,s4,0.00,0.00,0.00,0,0,0.00,0.00,0.00,0,0,0.00,0.00,0,0
1453688408,s3-eth2,27258.00,1223306.00,1250564.00,1223306,27258,413.00,413.00,826.00,413,413,0.00,0.00,0,0
1453688408,s3-eth1,1223306.00,27258.00,1250564.00,27258,1223306,413.00,413.00,826.00,413,413,0.00,0.00,0,0
1453688408,total,3752378.00,3752036.00,7504414.00,3752036,3752378,2485.00,2484.00,4969.00,2484,2485,0.00,0.00,0,0
1453688409,s5,0.00,0.00,0.00,0,0,0.00,0.00,0.00,0,0,0.00,0.00,0,0
1453688409,s1,0.00,0.00,0.00,0,0,0.00,0.00,0.00,0,0,0.00,0.00,0,0
1453688409,eth0,0.00,0.00,0.00,0,0,0.00,0.00,0.00,0,0,0.00,0.00,0,0
1453688409,eth1,0.00,0.00,0.00,0,0,0.00,0.00,0.00,0,0,0.00,0.00,0,0
1453688409,s2,0.00,0.00,0.00,0,0,0.00,0.00,0.00,0,0,0.00,0.00,0,0
1453688409,s1-eth2,27258.00,1233008.00,1260266.00,1233008,27258,413.00,560.00,973.00,560,413,0.00,0.00,0,0
1453688409,s1-eth1,1233008.00,27258.00,1260266.00,27258,1233008,560.00,413.00,973.00,413,560,0.00,0.00,0,0
1453688409,s3,0.00,0.00,0.00,0,0,0.00,0.00,0.00,0,0,0.00,0.00,0,0
1453688409,s2-eth2,27258.00,1233008.00,1260266.00,1233008,27258,413.00,560.00,973.00,560,413,0.00,0.00,0,0
1453688409,s2-eth1,1233008.00,27258.00,1260266.00,27258,1233008,560.00,413.00,973.00,413,560,0.00,0.00,0,0
1453688409,lo,344.00,344.00,688.00,344,344,6.00,6.00,12.00,6,6,0.00,0.00,0,0
1453688409,s4,0.00,0.00,0.00,0,0,0.00,0.00,0.00,0,0,0.00,0.00,0,0
1453688409,s3-eth2,27258.00,1235970.00,1263228.00,1235970,27258,413.00,561.00,974.00,561,413,0.00,0.00,0,0
1453688409,s3-eth1,1233008.00,27258.00,1260266.00,27258,1233008,560.00,413.00,973.00,413,560,0.00,0.00,0,0
1453688409,total,3781142.00,3784104.00,7565246.00,3784104,3781142,2925.00,2926.00,5851.00,2926,2925,0.00,0.00,0,0
1453688410,s5,0.00,0.00,0.00,0,0,0.00,0.00,0.00,0,0,0.00,0.00,0,0
1453688410,s1,0.00,0.00,0.00,0,0,0.00,0.00,0.00,0,0,0.00,0.00,0,0
1453688410,eth0,0.00,0.00,0.00,0,0,0.00,0.00,0.00,0,0,0.00,0.00,0,0
1453688410,eth1,0.00,0.00,0.00,0,0,0.00,0.00,0.00,0,0,0.00,0.00,0,0
1453688410,s2,0.00,0.00,0.00,0,0,0.00,0.00,0.00,0,0,0.00,0.00,0,0
1453688410,s1-eth2,27258.00,1223306.00,1250564.00,1223306,27258,413.00,413.00,826.00,413,413,0.00,0.00,0,0
1453688410,s1-eth1,1223306.00,27258.00,1250564.00,27258,1223306,413.00,413.00,826.00,413,413,0.00,0.00,0,0
1453688410,s3,0.00,0.00,0.00,0,0,0.00,0.00,0.00,0,0,0.00,0.00,0,0
1453688410,s2-eth2,27258.00,1223306.00,1250564.00,1223306,27258,413.00,413.00,826.00,413,413,0.00,0.00,0,0
1453688410,s2-eth1,1223306.00,27258.00,1250564.00,27258,1223306,413.00,413.00,826.00,413,413,0.00,0.00,0,0
1453688410,lo,172.00,172.00,344.00,172,172,3.00,3.00,6.00,3,3,0.00,0.00,0,0
1453688410,s4,0.00,0.00,0.00,0,0,0.00,0.00,0.00,0,0,0.00,0.00,0,0
1453688410,s3-eth2,27258.00,1223306.00,1250564.00,1223306,27258,413.00,413.00,826.00,413,413,0.00,0.00,0,0
1453688410,s3-eth1,1223306.00,27258.00,1250564.00,27258,1223306,413.00,413.00,826.00,413,413,0.00,0.00,0,0
1453688410,total,3751864.00,3751864.00,7503728.00,3751864,3751864,2481.00,2481.00,4962.00,2481,2481,0.00,0.00,0,0
1453688411,s5,0.00,0.00,0.00,0,0,0.00,0.00,0.00,0,0,0.00,0.00,0,0
1453688411,s1,0.00,0.00,0.00,0,0,0.00,0.00,0.00,0,0,0.00,0.00,0,0
1453688411,eth0,0.00,0.00,0.00,0,0,0.00,0.00,0.00,0,0,0.00,0.00,0,0
1453688411,eth1,0.00,0.00,0.00,0,0,0.00,0.00,0.00,0,0,0.00,0.00,0,0
1453688411,s2,0.00,0.00,0.00,0,0,0.00,0.00,0.00,0,0,0.00,0.00,0,0
1453688411,s1-eth2,27258.00,1223306.00,1250564.00,1223306,27258,413.00,413.00,826.00,413,413,0.00,0.00,0,0
1453688411,s1-eth1,1223306.00,27258.00,1250564.00,27258,1223306,413.00,413.00,826.00,413,413,0.00,0.00,0,0
1453688411,s3,0.00,0.00,0.00,0,0,0.00,0.00,0.00,0,0,0.00,0.00,0,0
1453688411,s2-eth2,27258.00,1223306.00,1250564.00,1223306,27258,413.00,413.00,826.00,413,413,0.00,0.00,0,0
1453688411,s2-eth1,1223306.00,27258.00,1250564.00,27258,1223306,413.00,413.00,826.00,413,413,0.00,0.00,0,0
1453688411,lo,0.00,0.00,0.00,0,0,0.00,0.00,0.00,0,0,0.00,0.00,0,0
1453688411,s4,0.00,0.00,0.00,0,0,0.00,0.00,0.00,0,0,0.00,0.00,0,0
1453688411,s3-eth2,27258.00,1220344.00,1247602.00,1220344,27258,413.00,412.00,825.00,412,413,0.00,0.00,0,0
1453688411,s3-eth1,1223306.00,27258.00,1250564.00,27258,1223306,413.00,413.00,826.00,413,413,0.00,0.00,0,0
1453688411,total,3751692.00,3748730.00,7500422.00,3748730,3751692,2478.00,2477.00,4955.00,2477,2478,0.00,0.00,0,0
1453688412,s5,0.00,0.00,0.00,0,0,0.00,0.00,0.00,0,0,0.00,0.00,0,0
1453688412,s1,0.00,0.00,0.00,0,0,0.00,0.00,0.00,0,0,0.00,0.00,0,0
1453688412,eth0,0.00,0.00,0.00,0,0,0.00,0.00,0.00,0,0,0.00,0.00,0,0
1453688412,eth1,0.00,0.00,0.00,0,0,0.00,0.00,0.00,0,0,0.00,0.00,0,0
1453688412,s2,0.00,0.00,0.00,0,0,0.00,0.00,0.00,0,0,0.00,0.00,0,0
1453688412,s1-eth2,27258.00,1223306.00,1250564.00,1223306,27258,413.00,413.00,826.00,413,413,0.00,0.00,0,0
1453688412,s1-eth1,1223306.00,27258.00,1250564.00,27258,1223306,413.00,413.00,826.00,413,413,0.00,0.00,0,0
1453688412,s3,0.00,0.00,0.00,0,0,0.00,0.00,0.00,0,0,0.00,0.00,0,0
1453688412,s2-eth2,27258.00,1223306.00,1250564.00,1223306,27258,413.00,413.00,826.00,413,413,0.00,0.00,0,0
1453688412,s2-eth1,1223306.00,27258.00,1250564.00,27258,1223306,413.00,413.00,826.00,413,413,0.00,0.00,0,0
1453688412,lo,0.00,0.00,0.00,0,0,0.00,0.00,0.00,0,0,0.00,0.00,0,0
1453688412,s4,0.00,0.00,0.00,0,0,0.00,0.00,0.00,0,0,0.00,0.00,0,0
1453688412,s3-eth2,27258.00,1226268.00,1253526.00,1226268,27258,413.00,414.00,827.00,414,413,0.00,0.00,0,0
1453688412,s3-eth1,1223306.00,27258.00,1250564.00,27258,1223306,413.00,413.00,826.00,413,413,0.00,0.00,0,0
1453688412,total,3751692.00,3754654.00,7506346.00,3754654,3751692,2478.00,2479.00,4957.00,2479,2478,0.00,0.00,0,0
1453688413,s5,0.00,0.00,0.00,0,0,0.00,0.00,0.00,0,0,0.00,0.00,0,0
1453688413,s1,0.00,342.00,342.00,342,0,0.00,1.00,1.00,1,0,0.00,0.00,0,0
1453688413,eth0,0.00,0.00,0.00,0,0,0.00,0.00,0.00,0,0,0.00,0.00,0,0
1453688413,eth1,0.00,0.00,0.00,0,0,0.00,0.00,0.00,0,0,0.00,0.00,0,0
1453688413,s2,0.00,0.00,0.00,0,0,0.00,0.00,0.00,0,0,0.00,0.00,0,0
1453688413,s1-eth2,27258.00,1220686.00,1247944.00,1220686,27258,413.00,413.00,826.00,413,413,0.00,0.00,0,0
1453688413,s1-eth1,1223648.00,27258.00,1250906.00,27258,1223648,414.00,413.00,827.00,413,414,0.00,0.00,0,0
1453688413,s3,0.00,0.00,0.00,0,0,0.00,0.00,0.00,0,0,0.00,0.00,0,0
1453688413,s2-eth2,27258.00,1223306.00,1250564.00,1223306,27258,413.00,413.00,826.00,413,413,0.00,0.00,0,0
1453688413,s2-eth1,1220686.00,27258.00,1247944.00,27258,1220686,413.00,413.00,826.00,413,413,0.00,0.00,0,0
1453688413,lo,670.00,670.00,1340.00,670,670,9.00,9.00,18.00,9,9,0.00,0.00,0,0
1453688413,s4,0.00,0.00,0.00,0,0,0.00,0.00,0.00,0,0,0.00,0.00,0,0
1453688413,s3-eth2,27600.00,1220344.00,1247944.00,1220344,27600,414.00,412.00,826.00,412,414,0.00,0.00,0,0
1453688413,s3-eth1,1223306.00,27258.00,1250564.00,27258,1223306,413.00,413.00,826.00,413,413,0.00,0.00,0,0
1453688413,total,3750426.00,3747122.00,7497548.00,3747122,3750426,2489.00,2487.00,4976.00,2487,2489,0.00,0.00,0,0
1453688414,s5,0.00,0.00,0.00,0,0,0.00,0.00,0.00,0,0,0.00,0.00,0,0
1453688414,s1,0.00,0.00,0.00,0,0,0.00,0.00,0.00,0,0,0.00,0.00,0,0
1453688414,eth0,0.00,0.00,0.00,0,0,0.00,0.00,0.00,0,0,0.00,0.00,0,0
1453688414,eth1,0.00,0.00,0.00,0,0,0.00,0.00,0.00,0,0,0.00,0.00,0,0
1453688414,s2,0.00,342.00,342.00,342,0,0.00,1.00,1.00,1,0,0.00,0.00,0,0
1453688414,s1-eth2,27600.00,1223306.00,1250906.00,1223306,27600,414.00,413.00,827.00,413,414,0.00,0.00,0,0
1453688414,s1-eth1,1223306.00,27258.00,1250564.00,27258,1223306,413.00,413.00,826.00,413,413,0.00,0.00,0,0
1453688414,s3,0.00,342.00,342.00,342,0,0.00,1.00,1.00,1,0,0.00,0.00,0,0
1453688414,s2-eth2,27600.00,1223306.00,1250906.00,1223306,27600,414.00,413.00,827.00,413,414,0.00,0.00,0,0
1453688414,s2-eth1,1223306.00,27600.00,1250906.00,27600,1223306,413.00,414.00,827.00,414,413,0.00,0.00,0,0
1453688414,lo,652.00,652.00,1304.00,652,652,6.00,6.00,12.00,6,6,0.00,0.00,0,0
1453688414,s4,0.00,0.00,0.00,0,0,0.00,0.00,0.00,0,0,0.00,0.00,0,0
1453688414,s3-eth2,27600.00,1226268.00,1253868.00,1226268,27600,414.00,414.00,828.00,414,414,0.00,0.00,0,0
1453688414,s3-eth1,1223306.00,27600.00,1250906.00,27600,1223306,413.00,414.00,827.00,414,413,0.00,0.00,0,0
1453688414,total,3753370.00,3756674.00,7510044.00,3756674,3753370,2487.00,2489.00,4976.00,2489,2487,0.00,0.00,0,0
1453688415,s5,0.00,0.00,0.00,0,0,0.00,0.00,0.00,0,0,0.00,0.00,0,0
1453688415,s1,0.00,0.00,0.00,0,0,0.00,0.00,0.00,0,0,0.00,0.00,0,0
1453688415,eth0,0.00,0.00,0.00,0,0,0.00,0.00,0.00,0,0,0.00,0.00,0,0
1453688415,eth1,0.00,0.00,0.00,0,0,0.00,0.00,0.00,0,0,0.00,0.00,0,0
1453688415,s2,0.00,0.00,0.00,0,0,0.00,0.00,0.00,0,0,0.00,0.00,0,0
1453688415,s1-eth2,27258.00,1223306.00,1250564.00,1223306,27258,413.00,413.00,826.00,413,413,0.00,0.00,0,0
1453688415,s1-eth1,1223306.00,27258.00,1250564.00,27258,1223306,413.00,413.00,826.00,413,413,0.00,0.00,0,0
1453688415,s3,0.00,0.00,0.00,0,0,0.00,0.00,0.00,0,0,0.00,0.00,0,0
1453688415,s2-eth2,27258.00,1223306.00,1250564.00,1223306,27258,413.00,413.00,826.00,413,413,0.00,0.00,0,0
1453688415,s2-eth1,1223306.00,27258.00,1250564.00,27258,1223306,413.00,413.00,826.00,413,413,0.00,0.00,0,0
1453688415,lo,0.00,0.00,0.00,0,0,0.00,0.00,0.00,0,0,0.00,0.00,0,0
1453688415,s4,0.00,0.00,0.00,0,0,0.00,0.00,0.00,0,0,0.00,0.00,0,0
1453688415,s3-eth2,27258.00,1223306.00,1250564.00,1223306,27258,413.00,413.00,826.00,413,413,0.00,0.00,0,0
1453688415,s3-eth1,1223306.00,27258.00,1250564.00,27258,1223306,413.00,413.00,826.00,413,413,0.00,0.00,0,0
1453688415,total,3751692.00,3751692.00,7503384.00,3751692,3751692,2478.00,2478.00,4956.00,2478,2478,0.00,0.00,0,0
1453688416,s5,0.00,0.00,0.00,0,0,0.00,0.00,0.00,0,0,0.00,0.00,0,0
1453688416,s1,0.00,0.00,0.00,0,0,0.00,0.00,0.00,0,0,0.00,0.00,0,0
1453688416,eth0,0.00,0.00,0.00,0,0,0.00,0.00,0.00,0,0,0.00,0.00,0,0
1453688416,eth1,0.00,0.00,0.00,0,0,0.00,0.00,0.00,0,0,0.00,0.00,0,0
1453688416,s2,0.00,0.00,0.00,0,0,0.00,0.00,0.00,0,0,0.00,0.00,0,0
1453688416,s1-eth2,27258.00,1223306.00,1250564.00,1223306,27258,413.00,413.00,826.00,413,413,0.00,0.00,0,0
1453688416,s1-eth1,1223306.00,27258.00,1250564.00,27258,1223306,413.00,413.00,826.00,413,413,0.00,0.00,0,0
1453688416,s3,0.00,0.00,0.00,0,0,0.00,0.00,0.00,0,0,0.00,0.00,0,0
1453688416,s2-eth2,27258.00,1223306.00,1250564.00,1223306,27258,413.00,413.00,826.00,413,413,0.00,0.00,0,0
1453688416,s2-eth1,1223306.00,27258.00,1250564.00,27258,1223306,413.00,413.00,826.00,413,413,0.00,0.00,0,0
1453688416,lo,0.00,0.00,0.00,0,0,0.00,0.00,0.00,0,0,0.00,0.00,0,0
1453688416,s4,0.00,0.00,0.00,0,0,0.00,0.00,0.00,0,0,0.00,0.00,0,0
1453688416,s3-eth2,27258.00,1220344.00,1247602.00,1220344,27258,413.00,412.00,825.00,412,413,0.00,0.00,0,0
1453688416,s3-eth1,1223306.00,27258.00,1250564.00,27258,1223306,413.00,413.00,826.00,413,413,0.00,0.00,0,0
1453688416,total,3751692.00,3748730.00,7500422.00,3748730,3751692,2478.00,2477.00,4955.00,2477,2478,0.00,0.00,0,0
1453688417,s5,0.00,0.00,0.00,0,0,0.00,0.00,0.00,0,0,0.00,0.00,0,0
1453688417,s1,0.00,0.00,0.00,0,0,0.00,0.00,0.00,0,0,0.00,0.00,0,0
1453688417,eth0,0.00,0.00,0.00,0,0,0.00,0.00,0.00,0,0,0.00,0.00,0,0
1453688417,eth1,0.00,0.00,0.00,0,0,0.00,0.00,0.00,0,0,0.00,0.00,0,0
1453688417,s2,0.00,0.00,0.00,0,0,0.00,0.00,0.00,0,0,0.00,0.00,0,0
1453688417,s1-eth2,27258.00,1223306.00,1250564.00,1223306,27258,413.00,413.00,826.00,413,413,0.00,0.00,0,0
1453688417,s1-eth1,1223306.00,27258.00,1250564.00,27258,1223306,413.00,413.00,826.00,413,413,0.00,0.00,0,0
1453688417,s3,0.00,0.00,0.00,0,0,0.00,0.00,0.00,0,0,0.00,0.00,0,0
1453688417,s2-eth2,27258.00,1223306.00,1250564.00,1223306,27258,413.00,413.00,826.00,413,413,0.00,0.00,0,0
1453688417,s2-eth1,1223306.00,27258.00,1250564.00,27258,1223306,413.00,413.00,826.00,413,413,0.00,0.00,0,0
1453688417,lo,172.00,172.00,344.00,172,172,3.00,3.00,6.00,3,3,0.00,0.00,0,0
1453688417,s4,0.00,0.00,0.00,0,0,0.00,0.00,0.00,0,0,0.00,0.00,0,0
1453688417,s3-eth2,27258.00,1223306.00,1250564.00,1223306,27258,413.00,413.00,826.00,413,413,0.00,0.00,0,0
1453688417,s3-eth1,1223306.00,27258.00,1250564.00,27258,1223306,413.00,413.00,826.00,413,413,0.00,0.00,0,0
1453688417,total,3751864.00,3751864.00,7503728.00,3751864,3751864,2481.00,2481.00,4962.00,2481,2481,0.00,0.00,0,0
1453688418,s5,0.00,0.00,0.00,0,0,0.00,0.00,0.00,0,0,0.00,0.00,0,0
1453688418,s1,0.00,342.00,342.00,342,0,0.00,1.00,1.00,1,0,0.00,0.00,0,0
1453688418,eth0,0.00,0.00,0.00,0,0,0.00,0.00,0.00,0,0,0.00,0.00,0,0
1453688418,eth1,0.00,0.00,0.00,0,0,0.00,0.00,0.00,0,0,0.00,0.00,0,0
1453688418,s2,0.00,342.00,342.00,342,0,0.00,1.00,1.00,1,0,0.00,0.00,0,0
1453688418,s1-eth2,27258.00,1223648.00,1250906.00,1223648,27258,413.00,414.00,827.00,414,413,0.00,0.00,0,0
1453688418,s1-eth1,1223648.00,27258.00,1250906.00,27258,1223648,414.00,413.00,827.00,413,414,0.00,0.00,0,0
1453688418,s3,0.00,0.00,0.00,0,0,0.00,0.00,0.00,0,0,0.00,0.00,0,0
1453688418,s2-eth2,27258.00,1223648.00,1250906.00,1223648,27258,413.00,414.00,827.00,414,413,0.00,0.00,0,0
1453688418,s2-eth1,1223648.00,27258.00,1250906.00,27258,1223648,414.00,413.00,827.00,413,414,0.00,0.00,0,0
1453688418,lo,1168.00,1168.00,2336.00,1168,1168,15.00,15.00,30.00,15,15,0.00,0.00,0,0
1453688418,s4,0.00,0.00,0.00,0,0,0.00,0.00,0.00,0,0,0.00,0.00,0,0
1453688418,s3-eth2,27258.00,1226268.00,1253526.00,1226268,27258,413.00,414.00,827.00,414,413,0.00,0.00,0,0
1453688418,s3-eth1,1223648.00,27258.00,1250906.00,27258,1223648,414.00,413.00,827.00,413,414,0.00,0.00,0,0
1453688418,total,3753886.00,3757190.00,7511076.00,3757190,3753886,2496.00,2498.00,4994.00,2498,2496,0.00,0.00,0,0
1453688419,s5,0.00,0.00,0.00,0,0,0.00,0.00,0.00,0,0,0.00,0.00,0,0
1453688419,s1,0.00,0.00,0.00,0,0,0.00,0.00,0.00,0,0,0.00,0.00,0,0
1453688419,eth0,0.00,0.00,0.00,0,0,0.00,0.00,0.00,0,0,0.00,0.00,0,0
1453688419,eth1,0.00,0.00,0.00,0,0,0.00,0.00,0.00,0,0,0.00,0.00,0,0
1453688419,s2,0.00,0.00,0.00,0,0,0.00,0.00,0.00,0,0,0.00,0.00,0,0
1453688419,s1-eth2,27258.00,1223306.00,1250564.00,1223306,27258,413.00,413.00,826.00,413,413,0.00,0.00,0,0
1453688419,s1-eth1,1223306.00,27258.00,1250564.00,27258,1223306,413.00,413.00,826.00,413,413,0.00,0.00,0,0
1453688419,s3,0.00,0.00,0.00,0,0,0.00,0.00,0.00,0,0,0.00,0.00,0,0
1453688419,s2-eth2,27258.00,1223306.00,1250564.00,1223306,27258,413.00,413.00,826.00,413,413,0.00,0.00,0,0
1453688419,s2-eth1,1223306.00,27258.00,1250564.00,27258,1223306,413.00,413.00,826.00,413,413,0.00,0.00,0,0
1453688419,lo,0.00,0.00,0.00,0,0,0.00,0.00,0.00,0,0,0.00,0.00,0,0
1453688419,s4,0.00,0.00,0.00,0,0,0.00,0.00,0.00,0,0,0.00,0.00,0,0
1453688419,s3-eth2,27258.00,1223306.00,1250564.00,1223306,27258,413.00,413.00,826.00,413,413,0.00,0.00,0,0
1453688419,s3-eth1,1223306.00,27258.00,1250564.00,27258,1223306,413.00,413.00,826.00,413,413,0.00,0.00,0,0
1453688419,total,3751692.00,3751692.00,7503384.00,3751692,3751692,2478.00,2478.00,4956.00,2478,2478,0.00,0.00,0,0
1453688420,s5,0.00,0.00,0.00,0,0,0.00,0.00,0.00,0,0,0.00,0.00,0,0
1453688420,s1,0.00,107.00,107.00,107,0,0.00,1.00,1.00,1,0,0.00,0.00,0,0
1453688420,eth0,0.00,0.00,0.00,0,0,0.00,0.00,0.00,0,0,0.00,0.00,0,0
1453688420,eth1,0.00,0.00,0.00,0,0,0.00,0.00,0.00,0,0,0.00,0.00,0,0
1453688420,s2,0.00,107.00,107.00,107,0,0.00,1.00,1.00,1,0,0.00,0.00,0,0
1453688420,s1-eth2,27258.00,1223413.00,1250671.00,1223413,27258,413.00,414.00,827.00,414,413,0.00,0.00,0,0
1453688420,s1-eth1,1223520.00,27192.00,1250712.00,27192,1223520,415.00,412.00,827.00,412,415,0.00,0.00,0,0
1453688420,s3,0.00,0.00,0.00,0,0,0.00,0.00,0.00,0,0,0.00,0.00,0,0
1453688420,s2-eth2,27258.00,1223413.00,1250671.00,1223413,27258,413.00,414.00,827.00,414,413,0.00,0.00,0,0
1453688420,s2-eth1,1223413.00,27258.00,1250671.00,27258,1223413,414.00,413.00,827.00,413,414,0.00,0.00,0,0
1453688420,lo,610.00,610.00,1220.00,610,610,6.00,6.00,12.00,6,6,0.00,0.00,0,0
1453688420,s4,0.00,0.00,0.00,0,0,0.00,0.00,0.00,0,0,0.00,0.00,0,0
1453688420,s3-eth2,27365.00,1223306.00,1250671.00,1223306,27365,414.00,413.00,827.00,413,414,0.00,0.00,0,0
1453688420,s3-eth1,1223413.00,27258.00,1250671.00,27258,1223413,414.00,413.00,827.00,413,414,0.00,0.00,0,0
1453688420,total,3752837.00,3752664.00,7505501.00,3752664,3752837,2489.00,2487.00,4976.00,2487,2489,0.00,0.00,0,0
1453688421,s5,0.00,0.00,0.00,0,0,0.00,0.00,0.00,0,0,0.00,0.00,0,0
1453688421,s1,0.00,449.00,449.00,449,0,0.00,2.00,2.00,2,0,0.00,0.00,0,0
1453688421,eth0,0.00,0.00,0.00,0,0,0.00,0.00,0.00,0,0,0.00,0.00,0,0
1453688421,eth1,0.00,0.00,0.00,0,0,0.00,0.00,0.00,0,0,0.00,0.00,0,0
1453688421,s2,0.00,107.00,107.00,107,0,0.00,1.00,1.00,1,0,0.00,0.00,0,0
1453688421,s1-eth2,27365.00,1223755.00,1251120.00,1223755,27365,414.00,415.00,829.00,415,414,0.00,0.00,0,0
1453688421,s1-eth1,1223755.00,27258.00,1251013.00,27258,1223755,415.00,413.00,828.00,413,415,0.00,0.00,0,0
1453688421,s3,0.00,556.00,556.00,556,0,0.00,3.00,3.00,3,0,0.00,0.00,0,0
1453688421,s2-eth2,27748.00,1223306.00,1251054.00,1223306,27748,415.00,413.00,828.00,413,415,0.00,0.00,0,0
1453688421,s2-eth1,1223755.00,27365.00,1251120.00,27365,1223755,415.00,414.00,829.00,414,415,0.00,0.00,0,0
1453688421,lo,1872.00,1872.00,3744.00,1872,1872,18.00,18.00,36.00,18,18,0.00,0.00,0,0
1453688421,s4,0.00,0.00,0.00,0,0,0.00,0.00,0.00,0,0,0.00,0.00,0,0
1453688421,s3-eth2,27814.00,1223306.00,1251120.00,1223306,27814,416.00,413.00,829.00,413,416,0.00,0.00,0,0
1453688421,s3-eth1,1223306.00,27748.00,1251054.00,27748,1223306,413.00,415.00,828.00,415,413,0.00,0.00,0,0
1453688421,total,3755615.00,3755722.00,7511337.00,3755722,3755615,2506.00,2507.00,5013.00,2507,2506,0.00,0.00,0,0
1453688422,s5,0.00,0.00,0.00,0,0,0.00,0.00,0.00,0,0,0.00,0.00,0,0
1453688422,s1,0.00,0.00,0.00,0,0,0.00,0.00,0.00,0,0,0.00,0.00,0,0
1453688422,eth0,0.00,0.00,0.00,0,0,0.00,0.00,0.00,0,0,0.00,0.00,0,0
1453688422,eth1,0.00,0.00,0.00,0,0,0.00,0.00,0.00,0,0,0.00,0.00,0,0
1453688422,s2,0.00,0.00,0.00,0,0,0.00,0.00,0.00,0,0,0.00,0.00,0,0
1453688422,s1-eth2,27192.00,1225220.00,1252412.00,1225220,27192,412.00,442.00,854.00,442,412,0.00,0.00,0,0
1453688422,s1-eth1,1225154.00,27258.00,1252412.00,27258,1225154,441.00,413.00,854.00,413,441,0.00,0.00,0,0
1453688422,s3,0.00,0.00,0.00,0,0,0.00,0.00,0.00,0,0,0.00,0.00,0,0
1453688422,s2-eth2,27258.00,1223838.00,1251096.00,1223838,27258,413.00,443.00,856.00,443,413,0.00,0.00,0,0
1453688422,s2-eth1,1225220.00,27192.00,1252412.00,27192,1225220,442.00,412.00,854.00,412,442,0.00,0.00,0,0
1453688422,lo,0.00,0.00,0.00,0,0,0.00,0.00,0.00,0,0,0.00,0.00,0,0
1453688422,s4,0.00,0.00,0.00,0,0,0.00,0.00,0.00,0,0,0.00,0.00,0,0
1453688422,s3-eth2,27258.00,1223904.00,1251162.00,1223904,27258,413.00,444.00,857.00,444,413,0.00,0.00,0,0
1453688422,s3-eth1,1223838.00,27258.00,1251096.00,27258,1223838,443.00,413.00,856.00,413,443,0.00,0.00,0,0
1453688422,total,3755920.00,3754670.00,7510590.00,3754670,3755920,2564.00,2567.00,5131.00,2567,2564,0.00,0.00,0,0
1453688423,s5,0.00,0.00,0.00,0,0,0.00,0.00,0.00,0,0,0.00,0.00,0,0
1453688423,s1,0.00,0.00,0.00,0,0,0.00,0.00,0.00,0,0,0.00,0.00,0,0
1453688423,eth0,0.00,0.00,0.00,0,0,0.00,0.00,0.00,0,0,0.00,0.00,0,0
1453688423,eth1,0.00,0.00,0.00,0,0,0.00,0.00,0.00,0,0,0.00,0.00,0,0
1453688423,s2,0.00,0.00,0.00,0,0,0.00,0.00,0.00,0,0,0.00,0.00,0,0
1453688423,s1-eth2,27324.00,1231160.00,1258484.00,1231160,27324,414.00,532.00,946.00,532,414,0.00,0.00,0,0
1453688423,s1-eth1,1231226.00,27258.00,1258484.00,27258,1231226,533.00,413.00,946.00,413,533,0.00,0.00,0,0
1453688423,s3,0.00,0.00,0.00,0,0,0.00,0.00,0.00,0,0,0.00,0.00,0,0
1453688423,s2-eth2,27258.00,1232542.00,1259800.00,1232542,27258,413.00,531.00,944.00,531,413,0.00,0.00,0,0
1453688423,s2-eth1,1231160.00,27324.00,1258484.00,27324,1231160,532.00,414.00,946.00,414,532,0.00,0.00,0,0
1453688423,lo,344.00,344.00,688.00,344,344,6.00,6.00,12.00,6,6,0.00,0.00,0,0
1453688423,s4,0.00,0.00,0.00,0,0,0.00,0.00,0.00,0,0,0.00,0.00,0,0
1453688423,s3-eth2,27258.00,1232476.00,1259734.00,1232476,27258,413.00,530.00,943.00,530,413,0.00,0.00,0,0
1453688423,s3-eth1,1232542.00,27258.00,1259800.00,27258,1232542,531.00,413.00,944.00,413,531,0.00,0.00,0,0
1453688423,total,3777112.00,3778362.00,7555474.00,3778362,3777112,2842.00,2839.00,5681.00,2839,2842,0.00,0.00,0,0
1453688424,s5,0.00,0.00,0.00,0,0,0.00,0.00,0.00,0,0,0.00,0.00,0,0
1453688424,s1,0.00,0.00,0.00,0,0,0.00,0.00,0.00,0,0,0.00,0.00,0,0
1453688424,eth0,0.00,0.00,0.00,0,0,0.00,0.00,0.00,0,0,0.00,0.00,0,0
1453688424,eth1,0.00,0.00,0.00,0,0,0.00,0.00,0.00,0,0,0.00,0.00,0,0
1453688424,s2,0.00,0.00,0.00,0,0,0.00,0.00,0.00,0,0,0.00,0.00,0,0
1453688424,s1-eth2,27258.00,1223306.00,1250564.00,1223306,27258,413.00,413.00,826.00,413,413,0.00,0.00,0,0
1453688424,s1-eth1,1223648.00,27258.00,1250906.00,27258,1223648,414.00,413.00,827.00,413,414,0.00,0.00,0,0
1453688424,s3,0.00,0.00,0.00,0,0,0.00,0.00,0.00,0,0,0.00,0.00,0,0
1453688424,s2-eth2,27258.00,1223306.00,1250564.00,1223306,27258,413.00,413.00,826.00,413,413,0.00,0.00,0,0
1453688424,s2-eth1,1223306.00,27258.00,1250564.00,27258,1223306,413.00,413.00,826.00,413,413,0.00,0.00,0,0
1453688424,lo,0.00,0.00,0.00,0,0,0.00,0.00,0.00,0,0,0.00,0.00,0,0
1453688424,s4,0.00,0.00,0.00,0,0,0.00,0.00,0.00,0,0,0.00,0.00,0,0
1453688424,s3-eth2,27258.00,1223306.00,1250564.00,1223306,27258,413.00,413.00,826.00,413,413,0.00,0.00,0,0
1453688424,s3-eth1,1223306.00,27258.00,1250564.00,27258,1223306,413.00,413.00,826.00,413,413,0.00,0.00,0,0
1453688424,total,3752034.00,3751692.00,7503726.00,3751692,3752034,2479.00,2478.00,4957.00,2478,2479,0.00,0.00,0,0
1453688425,s5,0.00,0.00,0.00,0,0,0.00,0.00,0.00,0,0,0.00,0.00,0,0
1453688425,s1,0.00,0.00,0.00,0,0,0.00,0.00,0.00,0,0,0.00,0.00,0,0
1453688425,eth0,0.00,0.00,0.00,0,0,0.00,0.00,0.00,0,0,0.00,0.00,0,0
1453688425,eth1,0.00,0.00,0.00,0,0,0.00,0.00,0.00,0,0,0.00,0.00,0,0
1453688425,s2,0.00,0.00,0.00,0,0,0.00,0.00,0.00,0,0,0.00,0.00,0,0
1453688425,s1-eth2,27258.00,1223306.00,1250564.00,1223306,27258,413.00,413.00,826.00,413,413,0.00,0.00,0,0
1453688425,s1-eth1,1223306.00,27258.00,1250564.00,27258,1223306,413.00,413.00,826.00,413,413,0.00,0.00,0,0
1453688425,s3,0.00,0.00,0.00,0,0,0.00,0.00,0.00,0,0,0.00,0.00,0,0
1453688425,s2-eth2,27258.00,1223306.00,1250564.00,1223306,27258,413.00,413.00,826.00,413,413,0.00,0.00,0,0
1453688425,s2-eth1,1223306.00,27258.00,1250564.00,27258,1223306,413.00,413.00,826.00,413,413,0.00,0.00,0,0
1453688425,lo,516.00,516.00,1032.00,516,516,9.00,9.00,18.00,9,9,0.00,0.00,0,0
1453688425,s4,0.00,0.00,0.00,0,0,0.00,0.00,0.00,0,0,0.00,0.00,0,0
1453688425,s3-eth2,27258.00,1223306.00,1250564.00,1223306,27258,413.00,413.00,826.00,413,413,0.00,0.00,0,0
1453688425,s3-eth1,1223306.00,27258.00,1250564.00,27258,1223306,413.00,413.00,826.00,413,413,0.00,0.00,0,0
1453688425,total,3752208.00,3752208.00,7504416.00,3752208,3752208,2487.00,2487.00,4974.00,2487,2487,0.00,0.00,0,0
1453688426,s5,0.00,0.00,0.00,0,0,0.00,0.00,0.00,0,0,0.00,0.00,0,0
1453688426,s1,0.00,0.00,0.00,0,0,0.00,0.00,0.00,0,0,0.00,0.00,0,0
1453688426,eth0,0.00,0.00,0.00,0,0,0.00,0.00,0.00,0,0,0.00,0.00,0,0
1453688426,eth1,0.00,0.00,0.00,0,0,0.00,0.00,0.00,0,0,0.00,0.00,0,0
1453688426,s2,0.00,0.00,0.00,0,0,0.00,0.00,0.00,0,0,0.00,0.00,0,0
1453688426,s1-eth2,27300.00,1223306.00,1250606.00,1223306,27300,414.00,413.00,827.00,413,414,0.00,0.00,0,0
1453688426,s1-eth1,1223306.00,27300.00,1250606.00,27300,1223306,413.00,414.00,827.00,414,413,0.00,0.00,0,0
1453688426,s3,0.00,0.00,0.00,0,0,0.00,0.00,0.00,0,0,0.00,0.00,0,0
1453688426,s2-eth2,27300.00,1223306.00,1250606.00,1223306,27300,414.00,413.00,827.00,413,414,0.00,0.00,0,0
1453688426,s2-eth1,1223306.00,27300.00,1250606.00,27300,1223306,413.00,414.00,827.00,414,413,0.00,0.00,0,0
1453688426,lo,888.00,888.00,1776.00,888,888,9.00,9.00,18.00,9,9,0.00,0.00,0,0
1453688426,s4,0.00,0.00,0.00,0,0,0.00,0.00,0.00,0,0,0.00,0.00,0,0
1453688426,s3-eth2,27642.00,1223306.00,1250948.00,1223306,27642,415.00,413.00,828.00,413,415,0.00,0.00,0,0
1453688426,s3-eth1,1223306.00,27300.00,1250606.00,27300,1223306,413.00,414.00,827.00,414,413,0.00,0.00,0,0
1453688426,total,3753048.00,3752706.00,7505754.00,3752706,3753048,2491.00,2490.00,4981.00,2490,2491,0.00,0.00,0,0
1453688427,s5,0.00,0.00,0.00,0,0,0.00,0.00,0.00,0,0,0.00,0.00,0,0
1453688427,s1,0.00,0.00,0.00,0,0,0.00,0.00,0.00,0,0,0.00,0.00,0,0
1453688427,eth0,0.00,0.00,0.00,0,0,0.00,0.00,0.00,0,0,0.00,0.00,0,0
1453688427,eth1,0.00,0.00,0.00,0,0,0.00,0.00,0.00,0,0,0.00,0.00,0,0
1453688427,s2,0.00,0.00,0.00,0,0,0.00,0.00,0.00,0,0,0.00,0.00,0,0
1453688427,s1-eth2,27258.00,1223348.00,1250606.00,1223348,27258,413.00,414.00,827.00,414,413,0.00,0.00,0,0
1453688427,s1-eth1,1223348.00,27258.00,1250606.00,27258,1223348,414.00,413.00,827.00,413,414,0.00,0.00,0,0
1453688427,s3,0.00,0.00,0.00,0,0,0.00,0.00,0.00,0,0,0.00,0.00,0,0
1453688427,s2-eth2,27258.00,1223348.00,1250606.00,1223348,27258,413.00,414.00,827.00,414,413,0.00,0.00,0,0
1453688427,s2-eth1,1223348.00,27258.00,1250606.00,27258,1223348,414.00,413.00,827.00,413,414,0.00,0.00,0,0
1453688427,lo,0.00,0.00,0.00,0,0,0.00,0.00,0.00,0,0,0.00,0.00,0,0
1453688427,s4,0.00,0.00,0.00,0,0,0.00,0.00,0.00,0,0,0.00,0.00,0,0
1453688427,s3-eth2,27258.00,1220386.00,1247644.00,1220386,27258,413.00,413.00,826.00,413,413,0.00,0.00,0,0
1453688427,s3-eth1,1223348.00,27258.00,1250606.00,27258,1223348,414.00,413.00,827.00,413,414,0.00,0.00,0,0
1453688427,total,3751818.00,3748856.00,7500674.00,3748856,3751818,2481.00,2480.00,4961.00,2480,2481,0.00,0.00,0,0
1453688428,s5,0.00,0.00,0.00,0,0,0.00,0.00,0.00,0,0,0.00,0.00,0,0
1453688428,s1,0.00,0.00,0.00,0,0,0.00,0.00,0.00,0,0,0.00,0.00,0,0
1453688428,eth0,0.00,0.00,0.00,0,0,0.00,0.00,0.00,0,0,0.00,0.00,0,0
1453688428,eth1,0.00,0.00,0.00,0,0,0.00,0.00,0.00,0,0,0.00,0.00,0,0
1453688428,s2,0.00,0.00,0.00,0,0,0.00,0.00,0.00,0,0,0.00,0.00,0,0
1453688428,s1-eth2,27258.00,1223306.00,1250564.00,1223306,27258,413.00,413.00,826.00,413,413,0.00,0.00,0,0
1453688428,s1-eth1,1223306.00,27258.00,1250564.00,27258,1223306,413.00,413.00,826.00,413,413,0.00,0.00,0,0
1453688428,s3,0.00,0.00,0.00,0,0,0.00,0.00,0.00,0,0,0.00,0.00,0,0
1453688428,s2-eth2,27258.00,1223306.00,1250564.00,1223306,27258,413.00,413.00,826.00,413,413,0.00,0.00,0,0
1453688428,s2-eth1,1223306.00,27258.00,1250564.00,27258,1223306,413.00,413.00,826.00,413,413,0.00,0.00,0,0
1453688428,lo,344.00,344.00,688.00,344,344,6.00,6.00,12.00,6,6,0.00,0.00,0,0
1453688428,s4,0.00,0.00,0.00,0,0,0.00,0.00,0.00,0,0,0.00,0.00,0,0
1453688428,s3-eth2,27258.00,1223306.00,1250564.00,1223306,27258,413.00,413.00,826.00,413,413,0.00,0.00,0,0
1453688428,s3-eth1,1223306.00,27258.00,1250564.00,27258,1223306,413.00,413.00,826.00,413,413,0.00,0.00,0,0
1453688428,total,3752036.00,3752036.00,7504072.00,3752036,3752036,2484.00,2484.00,4968.00,2484,2484,0.00,0.00,0,0
1453688429,s5,0.00,0.00,0.00,0,0,0.00,0.00,0.00,0,0,0.00,0.00,0,0
1453688429,s1,0.00,0.00,0.00,0,0,0.00,0.00,0.00,0,0,0.00,0.00,0,0
1453688429,eth0,0.00,288.00,288.00,288,0,0.00,1.00,1.00,1,0,0.00,0.00,0,0
1453688429,eth1,0.00,288.00,288.00,288,0,0.00,1.00,1.00,1,0,0.00,0.00,0,0
1453688429,s2,0.00,0.00,0.00,0,0,0.00,0.00,0.00,0,0,0.00,0.00,0,0
1453688429,s1-eth2,27258.00,1223306.00,1250564.00,1223306,27258,413.00,413.00,826.00,413,413,0.00,0.00,0,0
1453688429,s1-eth1,1223306.00,27258.00,1250564.00,27258,1223306,413.00,413.00,826.00,413,413,0.00,0.00,0,0
1453688429,s3,0.00,0.00,0.00,0,0,0.00,0.00,0.00,0,0,0.00,0.00,0,0
1453688429,s2-eth2,27258.00,1223306.00,1250564.00,1223306,27258,413.00,413.00,826.00,413,413,0.00,0.00,0,0
1453688429,s2-eth1,1223306.00,27258.00,1250564.00,27258,1223306,413.00,413.00,826.00,413,413,0.00,0.00,0,0
1453688429,lo,0.00,0.00,0.00,0,0,0.00,0.00,0.00,0,0,0.00,0.00,0,0
1453688429,s4,0.00,0.00,0.00,0,0,0.00,0.00,0.00,0,0,0.00,0.00,0,0
1453688429,s3-eth2,27258.00,1226268.00,1253526.00,1226268,27258,413.00,414.00,827.00,414,413,0.00,0.00,0,0
1453688429,s3-eth1,1223306.00,27258.00,1250564.00,27258,1223306,413.00,413.00,826.00,413,413,0.00,0.00,0,0
1453688429,total,3751692.00,3755230.00,7506922.00,3755230,3751692,2478.00,2481.00,4959.00,2481,2478,0.00,0.00,0,0
1453688430,s5,0.00,0.00,0.00,0,0,0.00,0.00,0.00,0,0,0.00,0.00,0,0
1453688430,s1,0.00,342.00,342.00,342,0,0.00,1.00,1.00,1,0,0.00,0.00,0,0
1453688430,eth0,0.00,0.00,0.00,0,0,0.00,0.00,0.00,0,0,0.00,0.00,0,0
1453688430,eth1,0.00,0.00,0.00,0,0,0.00,0.00,0.00,0,0,0.00,0.00,0,0
1453688430,s2,0.00,0.00,0.00,0,0,0.00,0.00,0.00,0,0,0.00,0.00,0,0
1453688430,s1-eth2,27258.00,1223648.00,1250906.00,1223648,27258,413.00,414.00,827.00,414,413,0.00,0.00,0,0
1453688430,s1-eth1,1220686.00,27258.00,1247944.00,27258,1220686,413.00,413.00,826.00,413,413,0.00,0.00,0,0
1453688430,s3,0.00,0.00,0.00,0,0,0.00,0.00,0.00,0,0,0.00,0.00,0,0
1453688430,s2-eth2,27258.00,1223306.00,1250564.00,1223306,27258,413.00,413.00,826.00,413,413,0.00,0.00,0,0
1453688430,s2-eth1,1223648.00,27258.00,1250906.00,27258,1223648,414.00,413.00,827.00,413,414,0.00,0.00,0,0
1453688430,lo,670.00,670.00,1340.00,670,670,9.00,9.00,18.00,9,9,0.00,0.00,0,0
1453688430,s4,0.00,0.00,0.00,0,0,0.00,0.00,0.00,0,0,0.00,0.00,0,0
1453688430,s3-eth2,27258.00,1220344.00,1247602.00,1220344,27258,413.00,412.00,825.00,412,413,0.00,0.00,0,0
1453688430,s3-eth1,1223306.00,27258.00,1250564.00,27258,1223306,413.00,413.00,826.00,413,413,0.00,0.00,0,0
1453688430,total,3750084.00,3750084.00,7500168.00,3750084,3750084,2488.00,2488.00,4976.00,2488,2488,0.00,0.00,0,0
1453688431,s5,0.00,0.00,0.00,0,0,0.00,0.00,0.00,0,0,0.00,0.00,0,0
1453688431,s1,0.00,0.00,0.00,0,0,0.00,0.00,0.00,0,0,0.00,0.00,0,0
1453688431,eth0,0.00,0.00,0.00,0,0,0.00,0.00,0.00,0,0,0.00,0.00,0,0
1453688431,eth1,0.00,0.00,0.00,0,0,0.00,0.00,0.00,0,0,0.00,0.00,0,0
1453688431,s2,0.00,342.00,342.00,342,0,0.00,1.00,1.00,1,0,0.00,0.00,0,0
1453688431,s1-eth2,27534.00,1223306.00,1250840.00,1223306,27534,413.00,413.00,826.00,413,413,0.00,0.00,0,0
1453688431,s1-eth1,1223306.00,27258.00,1250564.00,27258,1223306,413.00,413.00,826.00,413,413,0.00,0.00,0,0
1453688431,s3,0.00,342.00,342.00,342,0,0.00,1.00,1.00,1,0,0.00,0.00,0,0
1453688431,s2-eth2,27600.00,1223306.00,1250906.00,1223306,27600,414.00,413.00,827.00,413,414,0.00,0.00,0,0
1453688431,s2-eth1,1223306.00,27600.00,1250906.00,27600,1223306,413.00,414.00,827.00,414,413,0.00,0.00,0,0
1453688431,lo,652.00,652.00,1304.00,652,652,6.00,6.00,12.00,6,6,0.00,0.00,0,0
1453688431,s4,0.00,0.00,0.00,0,0,0.00,0.00,0.00,0,0,0.00,0.00,0,0
1453688431,s3-eth2,27600.00,1223306.00,1250906.00,1223306,27600,414.00,413.00,827.00,413,414,0.00,0.00,0,0
1453688431,s3-eth1,1223306.00,27600.00,1250906.00,27600,1223306,413.00,414.00,827.00,414,413,0.00,0.00,0,0
1453688431,total,3753304.00,3753712.00,7507016.00,3753712,3753304,2486.00,2488.00,4974.00,2488,2486,0.00,0.00,0,0
1453688432,s5,0.00,0.00,0.00,0,0,0.00,0.00,0.00,0,0,0.00,0.00,0,0
1453688432,s1,0.00,342.00,342.00,342,0,0.00,1.00,1.00,1,0,0.00,0.00,0,0
1453688432,eth0,0.00,0.00,0.00,0,0,0.00,0.00,0.00,0,0,0.00,0.00,0,0
1453688432,eth1,0.00,0.00,0.00,0,0,0.00,0.00,0.00,0,0,0.00,0.00,0,0
1453688432,s2,0.00,342.00,342.00,342,0,0.00,1.00,1.00,1,0,0.00,0.00,0,0
1453688432,s1-eth2,27258.00,1223648.00,1250906.00,1223648,27258,413.00,414.00,827.00,414,413,0.00,0.00,0,0
1453688432,s1-eth1,1223648.00,27258.00,1250906.00,27258,1223648,414.00,413.00,827.00,413,414,0.00,0.00,0,0
1453688432,s3,0.00,0.00,0.00,0,0,0.00,0.00,0.00,0,0,0.00,0.00,0,0
1453688432,s2-eth2,27258.00,1223648.00,1250906.00,1223648,27258,413.00,414.00,827.00,414,413,0.00,0.00,0,0
1453688432,s2-eth1,1223648.00,27192.00,1250840.00,27192,1223648,414.00,412.00,826.00,412,414,0.00,0.00,0,0
1453688432,lo,652.00,652.00,1304.00,652,652,6.00,6.00,12.00,6,6,0.00,0.00,0,0
1453688432,s4,0.00,0.00,0.00,0,0,0.00,0.00,0.00,0,0,0.00,0.00,0,0
1453688432,s3-eth2,27192.00,1223306.00,1250498.00,1223306,27192,412.00,413.00,825.00,413,412,0.00,0.00,0,0
1453688432,s3-eth1,1223648.00,27258.00,1250906.00,27258,1223648,414.00,413.00,827.00,413,414,0.00,0.00,0,0
1453688432,total,3753304.00,3753646.00,7506950.00,3753646,3753304,2486.00,2487.00,4973.00,2487,2486,0.00,0.00,0,0
1453688433,s5,0.00,0.00,0.00,0,0,0.00,0.00,0.00,0,0,0.00,0.00,0,0
1453688433,s1,0.00,0.00,0.00,0,0,0.00,0.00,0.00,0,0,0.00,0.00,0,0
1453688433,eth0,0.00,0.00,0.00,0,0,0.00,0.00,0.00,0,0,0.00,0.00,0,0
1453688433,eth1,0.00,0.00,0.00,0,0,0.00,0.00,0.00,0,0,0.00,0.00,0,0
1453688433,s2,0.00,0.00,0.00,0,0,0.00,0.00,0.00,0,0,0.00,0.00,0,0
1453688433,s1-eth2,27258.00,1223306.00,1250564.00,1223306,27258,413.00,413.00,826.00,413,413,0.00,0.00,0,0
1453688433,s1-eth1,1223306.00,27258.00,1250564.00,27258,1223306,413.00,413.00,826.00,413,413,0.00,0.00,0,0
1453688433,s3,0.00,0.00,0.00,0,0,0.00,0.00,0.00,0,0,0.00,0.00,0,0
1453688433,s2-eth2,27258.00,1223306.00,1250564.00,1223306,27258,413.00,413.00,826.00,413,413,0.00,0.00,0,0
1453688433,s2-eth1,1223306.00,27258.00,1250564.00,27258,1223306,413.00,413.00,826.00,413,413,0.00,0.00,0,0
1453688433,lo,344.00,344.00,688.00,344,344,6.00,6.00,12.00,6,6,0.00,0.00,0,0
1453688433,s4,0.00,0.00,0.00,0,0,0.00,0.00,0.00,0,0,0.00,0.00,0,0
1453688433,s3-eth2,27258.00,1223306.00,1250564.00,1223306,27258,413.00,413.00,826.00,413,413,0.00,0.00,0,0
1453688433,s3-eth1,1223306.00,27258.00,1250564.00,27258,1223306,413.00,413.00,826.00,413,413,0.00,0.00,0,0
1453688433,total,3752036.00,3752036.00,7504072.00,3752036,3752036,2484.00,2484.00,4968.00,2484,2484,0.00,0.00,0,0
1453688434,s5,0.00,0.00,0.00,0,0,0.00,0.00,0.00,0,0,0.00,0.00,0,0
1453688434,s1,0.00,0.00,0.00,0,0,0.00,0.00,0.00,0,0,0.00,0.00,0,0
1453688434,eth0,0.00,0.00,0.00,0,0,0.00,0.00,0.00,0,0,0.00,0.00,0,0
1453688434,eth1,0.00,0.00,0.00,0,0,0.00,0.00,0.00,0,0,0.00,0.00,0,0
1453688434,s2,0.00,0.00,0.00,0,0,0.00,0.00,0.00,0,0,0.00,0.00,0,0
1453688434,s1-eth2,27258.00,1223306.00,1250564.00,1223306,27258,413.00,413.00,826.00,413,413,0.00,0.00,0,0
1453688434,s1-eth1,1223306.00,27258.00,1250564.00,27258,1223306,413.00,413.00,826.00,413,413,0.00,0.00,0,0
1453688434,s3,0.00,0.00,0.00,0,0,0.00,0.00,0.00,0,0,0.00,0.00,0,0
1453688434,s2-eth2,27258.00,1223306.00,1250564.00,1223306,27258,413.00,413.00,826.00,413,413,0.00,0.00,0,0
1453688434,s2-eth1,1223306.00,27258.00,1250564.00,27258,1223306,413.00,413.00,826.00,413,413,0.00,0.00,0,0
1453688434,lo,0.00,0.00,0.00,0,0,0.00,0.00,0.00,0,0,0.00,0.00,0,0
1453688434,s4,0.00,0.00,0.00,0,0,0.00,0.00,0.00,0,0,0.00,0.00,0,0
1453688434,s3-eth2,27258.00,1223306.00,1250564.00,1223306,27258,413.00,413.00,826.00,413,413,0.00,0.00,0,0
1453688434,s3-eth1,1223306.00,27258.00,1250564.00,27258,1223306,413.00,413.00,826.00,413,413,0.00,0.00,0,0
1453688434,total,3751692.00,3751692.00,7503384.00,3751692,3751692,2478.00,2478.00,4956.00,2478,2478,0.00,0.00,0,0
1453688435,s5,0.00,0.00,0.00,0,0,0.00,0.00,0.00,0,0,0.00,0.00,0,0
1453688435,s1,0.00,0.00,0.00,0,0,0.00,0.00,0.00,0,0,0.00,0.00,0,0
1453688435,eth0,0.00,0.00,0.00,0,0,0.00,0.00,0.00,0,0,0.00,0.00,0,0
1453688435,eth1,0.00,0.00,0.00,0,0,0.00,0.00,0.00,0,0,0.00,0.00,0,0
1453688435,s2,0.00,0.00,0.00,0,0,0.00,0.00,0.00,0,0,0.00,0.00,0,0
1453688435,s1-eth2,27258.00,1223306.00,1250564.00,1223306,27258,413.00,413.00,826.00,413,413,0.00,0.00,0,0
1453688435,s1-eth1,1223306.00,27258.00,1250564.00,27258,1223306,413.00,413.00,826.00,413,413,0.00,0.00,0,0
1453688435,s3,0.00,0.00,0.00,0,0,0.00,0.00,0.00,0,0,0.00,0.00,0,0
1453688435,s2-eth2,27258.00,1223306.00,1250564.00,1223306,27258,413.00,413.00,826.00,413,413,0.00,0.00,0,0
1453688435,s2-eth1,1223306.00,27258.00,1250564.00,27258,1223306,413.00,413.00,826.00,413,413,0.00,0.00,0,0
1453688435,lo,172.00,172.00,344.00,172,172,3.00,3.00,6.00,3,3,0.00,0.00,0,0
1453688435,s4,0.00,0.00,0.00,0,0,0.00,0.00,0.00,0,0,0.00,0.00,0,0
1453688435,s3-eth2,27258.00,1223306.00,1250564.00,1223306,27258,413.00,413.00,826.00,413,413,0.00,0.00,0,0
1453688435,s3-eth1,1223306.00,27258.00,1250564.00,27258,1223306,413.00,413.00,826.00,413,413,0.00,0.00,0,0
1453688435,total,3751864.00,3751864.00,7503728.00,3751864,3751864,2481.00,2481.00,4962.00,2481,2481,0.00,0.00,0,0
1453688436,s5,0.00,0.00,0.00,0,0,0.00,0.00,0.00,0,0,0.00,0.00,0,0
1453688436,s1,0.00,904.00,904.00,904,0,0.00,4.00,4.00,4,0,0.00,0.00,0,0
1453688436,eth0,304.00,790.00,1094.00,790,304,4.00,4.00,8.00,4,4,0.00,0.00,0,0
1453688436,eth1,76.00,0.00,76.00,0,76,1.00,0.00,1.00,0,1,0.00,0.00,0,0
1453688436,s2,0.00,904.00,904.00,904,0,0.00,4.00,4.00,4,0,0.00,0.00,0,0
1453688436,s1-eth2,27710.00,1225274.00,1252984.00,1225274,27710,415.00,477.00,892.00,477,415,0.00,0.00,0,0
1453688436,s1-eth1,1228346.00,27192.00,1255538.00,27192,1228346,479.00,412.00,891.00,412,479,0.00,0.00,0,0
1453688436,s3,0.00,982.00,982.00,982,0,0.00,5.00,5.00,5,0,0.00,0.00,0,0
1453688436,s2-eth2,28240.00,1224822.00,1253062.00,1224822,28240,418.00,475.00,893.00,475,418,0.00,0.00,0,0
1453688436,s2-eth1,1225274.00,27710.00,1252984.00,27710,1225274,477.00,415.00,892.00,415,477,0.00,0.00,0,0
1453688436,lo,5146.00,5146.00,10292.00,5146,5146,48.00,48.00,96.00,48,48,0.00,0.00,0,0
1453688436,s4,0.00,0.00,0.00,0,0,0.00,0.00,0.00,0,0,0.00,0.00,0,0
1453688436,s3-eth2,28692.00,1227332.00,1256024.00,1227332,28692,420.00,474.00,894.00,474,420,0.00,0.00,0,0
1453688436,s3-eth1,1224822.00,28240.00,1253062.00,28240,1224822,475.00,418.00,893.00,418,475,0.00,0.00,0,0
1453688436,total,3768610.00,3769296.00,7537906.00,3769296,3768610,2737.00,2736.00,5473.00,2736,2737,0.00,0.00,0,0
1453688437,s5,0.00,0.00,0.00,0,0,0.00,0.00,0.00,0,0,0.00,0.00,0,0
1453688437,s1,0.00,376.00,376.00,376,0,0.00,4.00,4.00,4,0,0.00,0.00,0,0
1453688437,eth0,304.00,790.00,1094.00,790,304,4.00,4.00,8.00,4,4,0.00,0.00,0,0
1453688437,eth1,0.00,0.00,0.00,0,0,0.00,0.00,0.00,0,0,0.00,0.00,0,0
1453688437,s2,0.00,376.00,376.00,376,0,0.00,4.00,4.00,4,0,0.00,0.00,0,0
1453688437,s1-eth2,27446.00,1223682.00,1251128.00,1223682,27446,415.00,417.00,832.00,417,415,0.00,0.00,0,0
1453688437,s1-eth1,1224212.00,27258.00,1251470.00,27258,1224212,420.00,413.00,833.00,413,420,0.00,0.00,0,0
1453688437,s3,0.00,548.00,548.00,548,0,0.00,6.00,6.00,6,0,0.00,0.00,0,0
1453688437,s2-eth2,27740.00,1223494.00,1251234.00,1223494,27740,418.00,415.00,833.00,415,418,0.00,0.00,0,0
1453688437,s2-eth1,1223682.00,27446.00,1251128.00,27446,1223682,417.00,415.00,832.00,415,417,0.00,0.00,0,0
1453688437,lo,5002.00,5002.00,10004.00,5002,5002,49.00,49.00,98.00,49,49,0.00,0.00,0,0
1453688437,s4,0.00,0.00,0.00,0,0,0.00,0.00,0.00,0,0,0.00,0.00,0,0
1453688437,s3-eth2,27994.00,1223306.00,1251300.00,1223306,27994,421.00,413.00,834.00,413,421,0.00,0.00,0,0
1453688437,s3-eth1,1223494.00,27740.00,1251234.00,27740,1223494,415.00,418.00,833.00,418,415,0.00,0.00,0,0
1453688437,total,3759874.00,3760018.00,7519892.00,3760018,3759874,2559.00,2558.00,5117.00,2558,2559,0.00,0.00,0,0
1453688438,s5,0.00,0.00,0.00,0,0,0.00,0.00,0.00,0,0,0.00,0.00,0,0
1453688438,s1,0.00,2868.00,2868.00,2868,0,0.00,18.00,18.00,18,0,0.00,0.00,0,0
1453688438,eth0,608.00,1580.00,2188.00,1580,608,8.00,8.00,16.00,8,8,0.00,0.00,0,0
1453688438,eth1,0.00,0.00,0.00,0,0,0.00,0.00,0.00,0,0,0.00,0.00,0,0
1453688438,s2,0.00,2778.00,2778.00,2778,0,0.00,17.00,17.00,17,0,0.00,0.00,0,0
1453688438,s1-eth2,28470.00,1223212.00,1251682.00,1223212,28470,419.00,430.00,849.00,430,419,0.00,0.00,0,0
1453688438,s1-eth1,1221139.00,27192.00,1248331.00,27192,1221139,435.00,412.00,847.00,412,435,0.00,0.00,0,0
1453688438,s3,0.00,3200.00,3200.00,3200,0,0.00,16.00,16.00,16,0,0.00,0.00,0,0
1453688438,s2-eth2,30392.00,1224740.00,1255132.00,1224740,30392,428.00,422.00,850.00,422,428,0.00,0.00,0,0
1453688438,s2-eth1,1223212.00,28470.00,1251682.00,28470,1223212,430.00,419.00,849.00,419,430,0.00,0.00,0,0
1453688438,lo,17566.00,17566.00,35132.00,17566,17566,169.00,169.00,338.00,169,169,0.00,0.00,0,0
1453688438,s4,0.00,0.00,0.00,0,0,0.00,0.00,0.00,0,0,0.00,0.00,0,0
1453688438,s3-eth2,32105.00,1223306.00,1255411.00,1223306,32105,437.00,413.00,850.00,413,437,0.00,0.00,0,0
1453688438,s3-eth1,1224740.00,30392.00,1255132.00,30392,1224740,422.00,428.00,850.00,428,422,0.00,0.00,0,0
1453688438,total,3778232.00,3785304.00,7563536.00,3785304,3778232,2748.00,2752.00,5500.00,2752,2748,0.00,0.00,0,0
1453688439,s5,0.00,0.00,0.00,0,0,0.00,0.00,0.00,0,0,0.00,0.00,0,0
1453688439,s1,0.00,2776.00,2776.00,2776,0,0.00,10.00,10.00,10,0,0.00,0.00,0,0
1453688439,eth0,152.00,395.00,547.00,395,152,2.00,2.00,4.00,2,2,0.00,0.00,0,0
1453688439,eth1,0.00,0.00,0.00,0,0,0.00,0.00,0.00,0,0,0.00,0.00,0,0
1453688439,s2,0.00,2866.00,2866.00,2866,0,0.00,11.00,11.00,11,0,0.00,0.00,0,0
1453688439,s1-eth2,28670.00,1223120.00,1251790.00,1223120,28670,418.00,422.00,840.00,422,418,0.00,0.00,0,0
1453688439,s1-eth1,1224444.00,27126.00,1251570.00,27126,1224444,428.00,411.00,839.00,411,428,0.00,0.00,0,0
1453688439,s3,0.00,2194.00,2194.00,2194,0,0.00,9.00,9.00,9,0,0.00,0.00,0,0
1453688439,s2-eth2,29320.00,1224694.00,1254014.00,1224694,29320,420.00,418.00,838.00,418,420,0.00,0.00,0,0
1453688439,s2-eth1,1226082.00,28670.00,1254752.00,28670,1226082,423.00,418.00,841.00,418,423,0.00,0.00,0,0
1453688439,lo,9965.00,9965.00,19930.00,9965,9965,92.00,92.00,184.00,92,92,0.00,0.00,0,0
1453688439,s4,0.00,0.00,0.00,0,0,0.00,0.00,0.00,0,0,0.00,0.00,0,0
1453688439,s3-eth2,30429.00,1223306.00,1253735.00,1223306,30429,425.00,413.00,838.00,413,425,0.00,0.00,0,0
1453688439,s3-eth1,1224694.00,29320.00,1254014.00,29320,1224694,418.00,420.00,838.00,420,418,0.00,0.00,0,0
1453688439,total,3773756.00,3774432.00,7548188.00,3774432,3773756,2626.00,2626.00,5252.00,2626,2626,0.00,0.00,0,0
1453688440,s5,0.00,0.00,0.00,0,0,0.00,0.00,0.00,0,0,0.00,0.00,0,0
1453688440,s1,0.00,654.00,654.00,654,0,0.00,2.00,2.00,2,0,0.00,0.00,0,0
1453688440,eth0,0.00,0.00,0.00,0,0,0.00,0.00,0.00,0,0,0.00,0.00,0,0
1453688440,eth1,0.00,0.00,0.00,0,0,0.00,0.00,0.00,0,0,0.00,0.00,0,0
1453688440,s2,0.00,654.00,654.00,654,0,0.00,2.00,2.00,2,0,0.00,0.00,0,0
1453688440,s1-eth2,27519.00,1223960.00,1251479.00,1223960,27519,413.00,415.00,828.00,415,413,0.00,0.00,0,0
1453688440,s1-eth1,1221934.00,27258.00,1249192.00,27258,1221934,417.00,413.00,830.00,413,417,0.00,0.00,0,0
1453688440,s3,0.00,654.00,654.00,654,0,0.00,2.00,2.00,2,0,0.00,0.00,0,0
1453688440,s2-eth2,27912.00,1220671.00,1248583.00,1220671,27912,415.00,413.00,828.00,413,415,0.00,0.00,0,0
1453688440,s2-eth1,1220998.00,27519.00,1248517.00,27519,1220998,414.00,413.00,827.00,413,414,0.00,0.00,0,0
1453688440,lo,1956.00,1956.00,3912.00,1956,1956,18.00,18.00,36.00,18,18,0.00,0.00,0,0
1453688440,s4,0.00,0.00,0.00,0,0,0.00,0.00,0.00,0,0,0.00,0.00,0,0
1453688440,s3-eth2,28173.00,1223306.00,1251479.00,1223306,28173,415.00,413.00,828.00,413,415,0.00,0.00,0,0
1453688440,s3-eth1,1220671.00,27912.00,1248583.00,27912,1220671,413.00,415.00,828.00,415,413,0.00,0.00,0,0
1453688440,total,3749163.00,3754544.00,7503707.00,3754544,3749163,2505.00,2506.00,5011.00,2506,2505,0.00,0.00,0,0
1453688441,s5,0.00,0.00,0.00,0,0,0.00,0.00,0.00,0,0,0.00,0.00,0,0
1453688441,s1,0.00,481.00,481.00,481,0,0.00,3.00,3.00,3,0,0.00,0.00,0,0
1453688441,eth0,60.00,60.00,120.00,60,60,1.00,1.00,2.00,1,1,0.00,0.00,0,0
1453688441,eth1,60.00,60.00,120.00,60,60,1.00,1.00,2.00,1,1,0.00,0.00,0,0
1453688441,s2,0.00,214.00,214.00,214,0,0.00,2.00,2.00,2,0,0.00,0.00,0,0
1453688441,s1-eth2,27365.00,1223787.00,1251152.00,1223787,27365,414.00,416.00,830.00,416,414,0.00,0.00,0,0
1453688441,s1-eth1,1223627.00,27258.00,1250885.00,27258,1223627,416.00,413.00,829.00,413,416,0.00,0.00,0,0
1453688441,s3,0.00,551.00,551.00,551,0,0.00,4.00,4.00,4,0,0.00,0.00,0,0
1453688441,s2-eth2,27809.00,1223413.00,1251222.00,1223413,27809,417.00,414.00,831.00,414,417,0.00,0.00,0,0
1453688441,s2-eth1,1223787.00,27365.00,1251152.00,27365,1223787,416.00,414.00,830.00,414,416,0.00,0.00,0,0
1453688441,lo,2750.00,2750.00,5500.00,2750,2750,27.00,27.00,54.00,27,27,0.00,0.00,0,0
1453688441,s4,0.00,0.00,0.00,0,0,0.00,0.00,0.00,0,0,0.00,0.00,0,0
1453688441,s3-eth2,28183.00,1223306.00,1251489.00,1223306,28183,419.00,413.00,832.00,413,419,0.00,0.00,0,0
1453688441,s3-eth1,1223413.00,27809.00,1251222.00,27809,1223413,414.00,417.00,831.00,417,414,0.00,0.00,0,0
1453688441,total,3757054.00,3757054.00,7514108.00,3757054,3757054,2525.00,2525.00,5050.00,2525,2525,0.00,0.00,0,0
1453688442,s5,0.00,0.00,0.00,0,0,0.00,0.00,0.00,0,0,0.00,0.00,0,0
1453688442,s1,0.00,1061.00,1061.00,1061,0,0.00,5.00,5.00,5,0,0.00,0.00,0,0
1453688442,eth0,0.00,0.00,0.00,0,0,0.00,0.00,0.00,0,0,0.00,0.00,0,0
1453688442,eth1,0.00,0.00,0.00,0,0,0.00,0.00,0.00,0,0,0.00,0.00,0,0
1453688442,s2,0.00,1328.00,1328.00,1328,0,0.00,6.00,6.00,6,0,0.00,0.00,0,0
1453688442,s1-eth2,27922.00,1224367.00,1252289.00,1224367,27922,416.00,418.00,834.00,418,416,0.00,0.00,0,0
1453688442,s1-eth1,1222009.00,27192.00,1249201.00,27192,1222009,420.00,412.00,832.00,412,420,0.00,0.00,0,0
1453688442,s3,0.00,991.00,991.00,991,0,0.00,4.00,4.00,4,0,0.00,0.00,0,0
1453688442,s2-eth2,28183.00,1223970.00,1252153.00,1223970,28183,416.00,416.00,832.00,416,416,0.00,0.00,0,0
1453688442,s2-eth1,1224367.00,27922.00,1252289.00,27922,1224367,418.00,416.00,834.00,416,418,0.00,0.00,0,0
1453688442,lo,4600.00,4600.00,9200.00,4600,4600,45.00,45.00,90.00,45,45,0.00,0.00,0,0
1453688442,s4,0.00,0.00,0.00,0,0,0.00,0.00,0.00,0,0,0.00,0.00,0,0
1453688442,s3-eth2,28646.00,1223306.00,1251952.00,1223306,28646,419.00,413.00,832.00,413,419,0.00,0.00,0,0
1453688442,s3-eth1,1223970.00,28183.00,1252153.00,28183,1223970,416.00,416.00,832.00,416,416,0.00,0.00,0,0
1453688442,total,3759697.00,3762920.00,7522617.00,3762920,3759697,2550.00,2551.00,5101.00,2551,2550,0.00,0.00,0,0
1453688443,s5,0.00,0.00,0.00,0,0,0.00,0.00,0.00,0,0,0.00,0.00,0,0
1453688443,s1,0.00,0.00,0.00,0,0,0.00,0.00,0.00,0,0,0.00,0.00,0,0
1453688443,eth0,0.00,0.00,0.00,0,0,0.00,0.00,0.00,0,0,0.00,0.00,0,0
1453688443,eth1,0.00,0.00,0.00,0,0,0.00,0.00,0.00,0,0,0.00,0.00,0,0
1453688443,s2,0.00,0.00,0.00,0,0,0.00,0.00,0.00,0,0,0.00,0.00,0,0
1453688443,s1-eth2,27192.00,1223306.00,1250498.00,1223306,27192,412.00,413.00,825.00,413,412,0.00,0.00,0,0
1453688443,s1-eth1,1223975.00,27258.00,1251233.00,27258,1223975,415.00,413.00,828.00,413,415,0.00,0.00,0,0
1453688443,s3,0.00,0.00,0.00,0,0,0.00,0.00,0.00,0,0,0.00,0.00,0,0
1453688443,s2-eth2,27258.00,1223306.00,1250564.00,1223306,27258,413.00,413.00,826.00,413,413,0.00,0.00,0,0
1453688443,s2-eth1,1223306.00,27192.00,1250498.00,27192,1223306,413.00,412.00,825.00,412,413,0.00,0.00,0,0
1453688443,lo,344.00,344.00,688.00,344,344,6.00,6.00,12.00,6,6,0.00,0.00,0,0
1453688443,s4,0.00,0.00,0.00,0,0,0.00,0.00,0.00,0,0,0.00,0.00,0,0
1453688443,s3-eth2,27192.00,1223306.00,1250498.00,1223306,27192,412.00,413.00,825.00,413,412,0.00,0.00,0,0
1453688443,s3-eth1,1223306.00,27258.00,1250564.00,27258,1223306,413.00,413.00,826.00,413,413,0.00,0.00,0,0
1453688443,total,3752573.00,3751970.00,7504543.00,3751970,3752573,2484.00,2483.00,4967.00,2483,2484,0.00,0.00,0,0
1453688444,s5,0.00,0.00,0.00,0,0,0.00,0.00,0.00,0,0,0.00,0.00,0,0
1453688444,s1,0.00,342.00,342.00,342,0,0.00,1.00,1.00,1,0,0.00,0.00,0,0
1453688444,eth0,0.00,0.00,0.00,0,0,0.00,0.00,0.00,0,0,0.00,0.00,0,0
1453688444,eth1,0.00,0.00,0.00,0,0,0.00,0.00,0.00,0,0,0.00,0.00,0,0
1453688444,s2,0.00,0.00,0.00,0,0,0.00,0.00,0.00,0,0,0.00,0.00,0,0
1453688444,s1-eth2,27258.00,1223648.00,1250906.00,1223648,27258,413.00,414.00,827.00,414,413,0.00,0.00,0,0
1453688444,s1-eth1,1223648.00,27258.00,1250906.00,27258,1223648,414.00,413.00,827.00,413,414,0.00,0.00,0,0
1453688444,s3,0.00,0.00,0.00,0,0,0.00,0.00,0.00,0,0,0.00,0.00,0,0
1453688444,s2-eth2,27258.00,1223306.00,1250564.00,1223306,27258,413.00,413.00,826.00,413,413,0.00,0.00,0,0
1453688444,s2-eth1,1223648.00,27258.00,1250906.00,27258,1223648,414.00,413.00,827.00,413,414,0.00,0.00,0,0
1453688444,lo,326.00,326.00,652.00,326,326,3.00,3.00,6.00,3,3,0.00,0.00,0,0
1453688444,s4,0.00,0.00,0.00,0,0,0.00,0.00,0.00,0,0,0.00,0.00,0,0
1453688444,s3-eth2,27258.00,1223306.00,1250564.00,1223306,27258,413.00,413.00,826.00,413,413,0.00,0.00,0,0
1453688444,s3-eth1,1223306.00,27258.00,1250564.00,27258,1223306,413.00,413.00,826.00,413,413,0.00,0.00,0,0
1453688444,total,3752702.00,3752702.00,7505404.00,3752702,3752702,2483.00,2483.00,4966.00,2483,2483,0.00,0.00,0,0
1453688445,s5,0.00,0.00,0.00,0,0,0.00,0.00,0.00,0,0,0.00,0.00,0,0
1453688445,s1,0.00,556.00,556.00,556,0,0.00,3.00,3.00,3,0,0.00,0.00,0,0
1453688445,eth0,0.00,0.00,0.00,0,0,0.00,0.00,0.00,0,0,0.00,0.00,0,0
1453688445,eth1,0.00,0.00,0.00,0,0,0.00,0.00,0.00,0,0,0.00,0.00,0,0
1453688445,s2,0.00,556.00,556.00,556,0,0.00,3.00,3.00,3,0,0.00,0.00,0,0
1453688445,s1-eth2,27365.00,1220900.00,1248265.00,1220900,27365,414.00,415.00,829.00,415,414,0.00,0.00,0,0
1453688445,s1-eth1,1223969.00,27192.00,1251161.00,27192,1223969,417.00,412.00,829.00,412,417,0.00,0.00,0,0
1453688445,s3,0.00,284.00,284.00,284,0,0.00,3.00,3.00,3,0,0.00,0.00,0,0
1453688445,s2-eth2,27542.00,1223755.00,1251297.00,1223755,27542,416.00,415.00,831.00,415,416,0.00,0.00,0,0
1453688445,s2-eth1,1220900.00,27365.00,1248265.00,27365,1220900,415.00,414.00,829.00,414,415,0.00,0.00,0,0
1453688445,lo,2750.00,2750.00,5500.00,2750,2750,27.00,27.00,54.00,27,27,0.00,0.00,0,0
1453688445,s4,0.00,0.00,0.00,0,0,0.00,0.00,0.00,0,0,0.00,0.00,0,0
1453688445,s3-eth2,27649.00,1223306.00,1250955.00,1223306,27649,417.00,413.00,830.00,413,417,0.00,0.00,0,0
1453688445,s3-eth1,1223755.00,27542.00,1251297.00,27542,1223755,415.00,416.00,831.00,416,415,0.00,0.00,0,0
1453688445,total,3753930.00,3754206.00,7508136.00,3754206,3753930,2521.00,2521.00,5042.00,2521,2521,0.00,0.00,0,0
1453688446,s5,0.00,0.00,0.00,0,0,0.00,0.00,0.00,0,0,0.00,0.00,0,0
1453688446,s1,0.00,140.00,140.00,140,0,0.00,2.00,2.00,2,0,0.00,0.00,0,0
1453688446,eth0,0.00,0.00,0.00,0,0,0.00,0.00,0.00,0,0,0.00,0.00,0,0
1453688446,eth1,0.00,0.00,0.00,0,0,0.00,0.00,0.00,0,0,0.00,0.00,0,0
1453688446,s2,0.00,482.00,482.00,482,0,0.00,3.00,3.00,3,0,0.00,0.00,0,0
1453688446,s1-eth2,27670.00,1223446.00,1251116.00,1223446,27670,415.00,415.00,830.00,415,415,0.00,0.00,0,0
1453688446,s1-eth1,1223516.00,27258.00,1250774.00,27258,1223516,416.00,413.00,829.00,413,416,0.00,0.00,0,0
1453688446,s3,0.00,754.00,754.00,754,0,0.00,3.00,3.00,3,0,0.00,0.00,0,0
1453688446,s2-eth2,28012.00,1223376.00,1251388.00,1223376,28012,416.00,414.00,830.00,414,416,0.00,0.00,0,0
1453688446,s2-eth1,1223446.00,27670.00,1251116.00,27670,1223446,415.00,415.00,830.00,415,415,0.00,0.00,0,0
1453688446,lo,2318.00,2318.00,4636.00,2318,2318,24.00,24.00,48.00,24,24,0.00,0.00,0,0
1453688446,s4,0.00,0.00,0.00,0,0,0.00,0.00,0.00,0,0,0.00,0.00,0,0
1453688446,s3-eth2,28424.00,1223306.00,1251730.00,1223306,28424,418.00,413.00,831.00,413,418,0.00,0.00,0,0
1453688446,s3-eth1,1223376.00,28012.00,1251388.00,28012,1223376,414.00,416.00,830.00,416,414,0.00,0.00,0,0
1453688446,total,3756762.00,3756762.00,7513524.00,3756762,3756762,2518.00,2518.00,5036.00,2518,2518,0.00,0.00,0,0
1453688447,s5,0.00,0.00,0.00,0,0,0.00,0.00,0.00,0,0,0.00,0.00,0,0
1453688447,s1,0.00,0.00,0.00,0,0,0.00,0.00,0.00,0,0,0.00,0.00,0,0
1453688447,eth0,0.00,0.00,0.00,0,0,0.00,0.00,0.00,0,0,0.00,0.00,0,0
1453688447,eth1,0.00,0.00,0.00,0,0,0.00,0.00,0.00,0,0,0.00,0.00,0,0
1453688447,s2,0.00,0.00,0.00,0,0,0.00,0.00,0.00,0,0,0.00,0.00,0,0
1453688447,s1-eth2,27324.00,1227728.00,1255052.00,1227728,27324,414.00,480.00,894.00,480,414,0.00,0.00,0,0
1453688447,s1-eth1,1228070.00,27324.00,1255394.00,27324,1228070,481.00,414.00,895.00,414,481,0.00,0.00,0,0
1453688447,s3,0.00,0.00,0.00,0,0,0.00,0.00,0.00,0,0,0.00,0.00,0,0
1453688447,s2-eth2,27258.00,1227728.00,1254986.00,1227728,27258,413.00,480.00,893.00,480,413,0.00,0.00,0,0
1453688447,s2-eth1,1227728.00,27324.00,1255052.00,27324,1227728,480.00,414.00,894.00,414,480,0.00,0.00,0,0
1453688447,lo,0.00,0.00,0.00,0,0,0.00,0.00,0.00,0,0,0.00,0.00,0,0
1453688447,s4,0.00,0.00,0.00,0,0,0.00,0.00,0.00,0,0,0.00,0.00,0,0
1453688447,s3-eth2,27324.00,1227728.00,1255052.00,1227728,27324,414.00,480.00,894.00,480,414,0.00,0.00,0,0
1453688447,s3-eth1,1227728.00,27258.00,1254986.00,27258,1227728,480.00,413.00,893.00,413,480,0.00,0.00,0,0
1453688447,total,3765432.00,3765090.00,7530522.00,3765090,3765432,2682.00,2681.00,5363.00,2681,2682,0.00,0.00,0,0
1453688448,s5,0.00,0.00,0.00,0,0,0.00,0.00,0.00,0,0,0.00,0.00,0,0
1453688448,s1,0.00,0.00,0.00,0,0,0.00,0.00,0.00,0,0,0.00,0.00,0,0
1453688448,eth0,0.00,0.00,0.00,0,0,0.00,0.00,0.00,0,0,0.00,0.00,0,0
1453688448,eth1,0.00,0.00,0.00,0,0,0.00,0.00,0.00,0,0,0.00,0.00,0,0
1453688448,s2,0.00,0.00,0.00,0,0,0.00,0.00,0.00,0,0,0.00,0.00,0,0
1453688448,s1-eth2,27258.00,1223306.00,1250564.00,1223306,27258,413.00,413.00,826.00,413,413,0.00,0.00,0,0
1453688448,s1-eth1,1223306.00,27258.00,1250564.00,27258,1223306,413.00,413.00,826.00,413,413,0.00,0.00,0,0
1453688448,s3,0.00,0.00,0.00,0,0,0.00,0.00,0.00,0,0,0.00,0.00,0,0
1453688448,s2-eth2,27258.00,1223306.00,1250564.00,1223306,27258,413.00,413.00,826.00,413,413,0.00,0.00,0,0
1453688448,s2-eth1,1223306.00,27258.00,1250564.00,27258,1223306,413.00,413.00,826.00,413,413,0.00,0.00,0,0
1453688448,lo,344.00,344.00,688.00,344,344,6.00,6.00,12.00,6,6,0.00,0.00,0,0
1453688448,s4,0.00,0.00,0.00,0,0,0.00,0.00,0.00,0,0,0.00,0.00,0,0
1453688448,s3-eth2,27258.00,1223306.00,1250564.00,1223306,27258,413.00,413.00,826.00,413,413,0.00,0.00,0,0
1453688448,s3-eth1,1223306.00,27258.00,1250564.00,27258,1223306,413.00,413.00,826.00,413,413,0.00,0.00,0,0
1453688448,total,3752036.00,3752036.00,7504072.00,3752036,3752036,2484.00,2484.00,4968.00,2484,2484,0.00,0.00,0,0
1453688449,s5,0.00,0.00,0.00,0,0,0.00,0.00,0.00,0,0,0.00,0.00,0,0
1453688449,s1,0.00,0.00,0.00,0,0,0.00,0.00,0.00,0,0,0.00,0.00,0,0
1453688449,eth0,0.00,0.00,0.00,0,0,0.00,0.00,0.00,0,0,0.00,0.00,0,0
1453688449,eth1,0.00,0.00,0.00,0,0,0.00,0.00,0.00,0,0,0.00,0.00,0,0
1453688449,s2,0.00,0.00,0.00,0,0,0.00,0.00,0.00,0,0,0.00,0.00,0,0
1453688449,s1-eth2,27258.00,1223306.00,1250564.00,1223306,27258,413.00,413.00,826.00,413,413,0.00,0.00,0,0
1453688449,s1-eth1,1223306.00,27258.00,1250564.00,27258,1223306,413.00,413.00,826.00,413,413,0.00,0.00,0,0
1453688449,s3,0.00,0.00,0.00,0,0,0.00,0.00,0.00,0,0,0.00,0.00,0,0
1453688449,s2-eth2,27258.00,1223306.00,1250564.00,1223306,27258,413.00,413.00,826.00,413,413,0.00,0.00,0,0
1453688449,s2-eth1,1223306.00,27258.00,1250564.00,27258,1223306,413.00,413.00,826.00,413,413,0.00,0.00,0,0
1453688449,lo,0.00,0.00,0.00,0,0,0.00,0.00,0.00,0,0,0.00,0.00,0,0
1453688449,s4,0.00,0.00,0.00,0,0,0.00,0.00,0.00,0,0,0.00,0.00,0,0
1453688449,s3-eth2,27258.00,1223306.00,1250564.00,1223306,27258,413.00,413.00,826.00,413,413,0.00,0.00,0,0
1453688449,s3-eth1,1223306.00,27258.00,1250564.00,27258,1223306,413.00,413.00,826.00,413,413,0.00,0.00,0,0
1453688449,total,3751692.00,3751692.00,7503384.00,3751692,3751692,2478.00,2478.00,4956.00,2478,2478,0.00,0.00,0,0
1453688450,s5,0.00,0.00,0.00,0,0,0.00,0.00,0.00,0,0,0.00,0.00,0,0
1453688450,s1,0.00,0.00,0.00,0,0,0.00,0.00,0.00,0,0,0.00,0.00,0,0
1453688450,eth0,0.00,0.00,0.00,0,0,0.00,0.00,0.00,0,0,0.00,0.00,0,0
1453688450,eth1,0.00,0.00,0.00,0,0,0.00,0.00,0.00,0,0,0.00,0.00,0,0
1453688450,s2,0.00,0.00,0.00,0,0,0.00,0.00,0.00,0,0,0.00,0.00,0,0
1453688450,s1-eth2,27258.00,1223306.00,1250564.00,1223306,27258,413.00,413.00,826.00,413,413,0.00,0.00,0,0
1453688450,s1-eth1,1223306.00,27258.00,1250564.00,27258,1223306,413.00,413.00,826.00,413,413,0.00,0.00,0,0
1453688450,s3,0.00,0.00,0.00,0,0,0.00,0.00,0.00,0,0,0.00,0.00,0,0
1453688450,s2-eth2,27258.00,1209178.00,1236436.00,1209178,27258,413.00,409.00,822.00,409,413,0.00,0.00,0,0
1453688450,s2-eth1,1223306.00,27258.00,1250564.00,27258,1223306,413.00,413.00,826.00,413,413,0.00,0.00,0,0
1453688450,lo,172.00,172.00,344.00,172,172,3.00,3.00,6.00,3,3,0.00,0.00,0,0
1453688450,s4,0.00,0.00,0.00,0,0,0.00,0.00,0.00,0,0,0.00,0.00,0,0
1453688450,s3-eth2,27258.00,1197330.00,1224588.00,1197330,27258,413.00,405.00,818.00,405,413,0.00,0.00,0,0
1453688450,s3-eth1,1209178.00,27258.00,1236436.00,27258,1209178,409.00,413.00,822.00,413,409,0.00,0.00,0,0
1453688450,total,3737736.00,3711760.00,7449496.00,3711760,3737736,2477.00,2469.00,4946.00,2469,2477,0.00,0.00,0,0
1453688451,s5,0.00,0.00,0.00,0,0,0.00,0.00,0.00,0,0,0.00,0.00,0,0
1453688451,s1,0.00,0.00,0.00,0,0,0.00,0.00,0.00,0,0,0.00,0.00,0,0
1453688451,eth0,0.00,0.00,0.00,0,0,0.00,0.00,0.00,0,0,0.00,0.00,0,0
1453688451,eth1,0.00,0.00,0.00,0,0,0.00,0.00,0.00,0,0,0.00,0.00,0,0
1453688451,s2,0.00,0.00,0.00,0,0,0.00,0.00,0.00,0,0,0.00,0.00,0,0
1453688451,s1-eth2,461.54,747.25,1208.79,748,462,6.99,2.00,8.99,2,7,0.00,0.00,0,0
1453688451,s1-eth1,15542.46,461.54,16004.00,462,15558,6.99,6.99,13.99,7,7,0.00,0.00,0,0
1453688451,s3,0.00,0.00,0.00,0,0,0.00,0.00,0.00,0,0,0.00,0.00,0,0
1453688451,s2-eth2,527.47,65.93,593.41,66,528,7.99,1.00,8.99,1,8,0.00,0.00,0,0
1453688451,s2-eth1,747.25,461.54,1208.79,462,748,2.00,6.99,8.99,7,2,0.00,0.00,0,0
1453688451,lo,343.66,343.66,687.31,344,344,5.99,5.99,11.99,6,6,0.00,0.00,0,0
1453688451,s4,0.00,0.00,0.00,0,0,0.00,0.00,0.00,0,0,0.00,0.00,0,0
1453688451,s3-eth2,527.47,65.93,593.41,66,528,7.99,1.00,8.99,1,8,0.00,0.00,0,0
1453688451,s3-eth1,65.93,527.47,593.41,528,66,1.00,7.99,8.99,8,1,0.00,0.00,0,0
1453688451,total,18215.79,2673.33,20889.11,2676,18234,38.96,31.97,70.93,32,39,0.00,0.00,0,0
1453688452,s5,0.00,0.00,0.00,0,0,0.00,0.00,0.00,0,0,0.00,0.00,0,0
1453688452,s1,0.00,342.00,342.00,342,0,0.00,1.00,1.00,1,0,0.00,0.00,0,0
1453688452,eth0,0.00,0.00,0.00,0,0,0.00,0.00,0.00,0,0,0.00,0.00,0,0
1453688452,eth1,0.00,0.00,0.00,0,0,0.00,0.00,0.00,0,0,0.00,0.00,0,0
1453688452,s2,0.00,0.00,0.00,0,0,0.00,0.00,0.00,0,0,0.00,0.00,0,0
1453688452,s1-eth2,0.00,342.00,342.00,342,0,0.00,1.00,1.00,1,0,0.00,0.00,0,0
1453688452,s1-eth1,342.00,0.00,342.00,0,342,1.00,0.00,1.00,0,1,0.00,0.00,0,0
1453688452,s3,0.00,0.00,0.00,0,0,0.00,0.00,0.00,0,0,0.00,0.00,0,0
1453688452,s2-eth2,0.00,0.00,0.00,0,0,0.00,0.00,0.00,0,0,0.00,0.00,0,0
1453688452,s2-eth1,342.00,0.00,342.00,0,342,1.00,0.00,1.00,0,1,0.00,0.00,0,0
1453688452,lo,326.00,326.00,652.00,326,326,3.00,3.00,6.00,3,3,0.00,0.00,0,0
1453688452,s4,0.00,0.00,0.00,0,0,0.00,0.00,0.00,0,0,0.00,0.00,0,0
1453688452,s3-eth2,0.00,0.00,0.00,0,0,0.00,0.00,0.00,0,0,0.00,0.00,0,0
1453688452,s3-eth1,0.00,0.00,0.00,0,0,0.00,0.00,0.00,0,0,0.00,0.00,0,0
1453688452,total,1010.00,1010.00,2020.00,1010,1010,5.00,5.00,10.00,5,5,0.00,0.00,0,0
1453688453,s5,0.00,0.00,0.00,0,0,0.00,0.00,0.00,0,0,0.00,0.00,0,0
1453688453,s1,0.00,213.79,213.79,214,0,0.00,2.00,2.00,2,0,0.00,0.00,0,0
1453688453,eth0,0.00,0.00,0.00,0,0,0.00,0.00,0.00,0,0,0.00,0.00,0,0
1453688453,eth1,0.00,0.00,0.00,0,0,0.00,0.00,0.00,0,0,0.00,0.00,0,0
1453688453,s2,0.00,213.79,213.79,214,0,0.00,2.00,2.00,2,0,0.00,0.00,0,0
1453688453,s1-eth2,106.89,213.79,320.68,214,107,1.00,2.00,3.00,2,1,0.00,0.00,0,0
1453688453,s1-eth1,320.68,0.00,320.68,0,321,3.00,0.00,3.00,0,3,0.00,0.00,0,0
1453688453,s3,0.00,213.79,213.79,214,0,0.00,2.00,2.00,2,0,0.00,0.00,0,0
1453688453,s2-eth2,213.79,106.89,320.68,107,214,2.00,1.00,3.00,1,2,0.00,0.00,0,0
1453688453,s2-eth1,213.79,106.89,320.68,107,214,2.00,1.00,3.00,1,2,0.00,0.00,0,0
1453688453,lo,2171.83,2171.83,4343.66,2174,2174,23.98,23.98,47.95,24,24,0.00,0.00,0,0
1453688453,s4,0.00,0.00,0.00,0,0,0.00,0.00,0.00,0,0,0.00,0.00,0,0
1453688453,s3-eth2,320.68,0.00,320.68,0,321,3.00,0.00,3.00,0,3,0.00,0.00,0,0
1453688453,s3-eth1,106.89,213.79,320.68,214,107,1.00,2.00,3.00,2,1,0.00,0.00,0,0
1453688453,total,3454.55,3454.55,6909.09,3458,3458,35.96,35.96,71.93,36,36,0.00,0.00,0,0
1453688454,s5,0.00,0.00,0.00,0,0,0.00,0.00,0.00,0,0,0.00,0.00,0,0
1453688454,s1,0.00,0.00,0.00,0,0,0.00,0.00,0.00,0,0,0.00,0.00,0,0
1453688454,eth0,0.00,0.00,0.00,0,0,0.00,0.00,0.00,0,0,0.00,0.00,0,0
1453688454,eth1,0.00,0.00,0.00,0,0,0.00,0.00,0.00,0,0,0.00,0.00,0,0
1453688454,s2,0.00,0.00,0.00,0,0,0.00,0.00,0.00,0,0,0.00,0.00,0,0
1453688454,s1-eth2,0.00,0.00,0.00,0,0,0.00,0.00,0.00,0,0,0.00,0.00,0,0
1453688454,s1-eth1,0.00,0.00,0.00,0,0,0.00,0.00,0.00,0,0,0.00,0.00,0,0
1453688454,s3,0.00,0.00,0.00,0,0,0.00,0.00,0.00,0,0,0.00,0.00,0,0
1453688454,s2-eth2,0.00,0.00,0.00,0,0,0.00,0.00,0.00,0,0,0.00,0.00,0,0
1453688454,s2-eth1,0.00,0.00,0.00,0,0,0.00,0.00,0.00,0,0,0.00,0.00,0,0
1453688454,lo,0.00,0.00,0.00,0,0,0.00,0.00,0.00,0,0,0.00,0.00,0,0
1453688454,s4,0.00,0.00,0.00,0,0,0.00,0.00,0.00,0,0,0.00,0.00,0,0
1453688454,s3-eth2,0.00,0.00,0.00,0,0,0.00,0.00,0.00,0,0,0.00,0.00,0,0
1453688454,s3-eth1,0.00,0.00,0.00,0,0,0.00,0.00,0.00,0,0,0.00,0.00,0,0
1453688454,total,0.00,0.00,0.00,0,0,0.00,0.00,0.00,0,0,0.00,0.00,0,0
1453688455,s5,0.00,0.00,0.00,0,0,0.00,0.00,0.00,0,0,0.00,0.00,0,0
1453688455,s1,0.00,0.00,0.00,0,0,0.00,0.00,0.00,0,0,0.00,0.00,0,0
1453688455,eth0,0.00,0.00,0.00,0,0,0.00,0.00,0.00,0,0,0.00,0.00,0,0
1453688455,eth1,0.00,0.00,0.00,0,0,0.00,0.00,0.00,0,0,0.00,0.00,0,0
1453688455,s2,0.00,0.00,0.00,0,0,0.00,0.00,0.00,0,0,0.00,0.00,0,0
1453688455,s1-eth2,0.00,0.00,0.00,0,0,0.00,0.00,0.00,0,0,0.00,0.00,0,0
1453688455,s1-eth1,0.00,0.00,0.00,0,0,0.00,0.00,0.00,0,0,0.00,0.00,0,0
1453688455,s3,0.00,0.00,0.00,0,0,0.00,0.00,0.00,0,0,0.00,0.00,0,0
1453688455,s2-eth2,0.00,0.00,0.00,0,0,0.00,0.00,0.00,0,0,0.00,0.00,0,0
1453688455,s2-eth1,0.00,0.00,0.00,0,0,0.00,0.00,0.0