##BLOCKS= 1          
Plate:	PTH cross screen S3210-01 and 02	1.3	PlateFormat	Endpoint	Absorbance	Raw	FALSE	1						1	450	1	24	384	1	16	None	
	Temperature(¡C)	1	2	3	4	5	6	7	8	9	10	11	12	13	14	15	16	17	18	19	20	21	22	23	24		
	25.60	0.0548	0.0511	0.0546	0.0551	0.117	0.0568	0.1388	0.0957	0.3267	0.2228	0.1439	0.0761	0.2641	0.13	0.0924	0.1247	0.1051	0.0799	0.1259	0.1028	0.453	0.0716	0.1445	0.0636		
		0.0516	0.0488	0.0522	0.0523	0.0984	0.0537	0.1241	0.0803	0.2265	0.2136	0.1365	0.0668	0.2241	0.1297	0.0914	0.0818	0.1106	0.0853	0.1208	0.088	0.4499	0.0682	0.0994	0.0715		
		0.1326	0.0526	0.0857	0.0521	0.0638	0.0511	0.0686	0.0535	0.0647	0.0538	0.1989	0.0538	0.1713	0.0594	0.0886	0.0598	0.1646	0.0603	0.099	0.0647	0.0974	0.0668	0.2022	0.0689		
		0.1276	0.052	0.0883	0.0518	0.063	0.0521	0.0666	0.0522	0.0647	0.0533	0.2082	0.0552	0.1865	0.0617	0.0931	0.0627	0.1534	0.0617	0.1001	0.063	0.0948	0.0657	0.2291	0.0712		
		0.0636	0.0508	0.0617	0.0525	0.0571	0.052	0.0564	0.0525	0.0945	0.0537	0.3076	0.0547	0.0759	0.0595	0.0748	0.0577	0.098	0.0633	0.1012	0.0655	0.096	0.0673	0.0724	0.0697		
		0.0635	0.0511	0.0547	0.0513	0.0562	0.0514	0.0555	0.0511	0.0789	0.0533	0.4249	0.06	0.0756	0.0609	0.0758	0.0571	0.1073	0.0634	0.0935	0.0653	0.0943	0.0659	0.0734	0.0695		
		0.0569	0.0517	0.0791	0.0523	0.0568	0.0505	0.1491	0.0525	0.0699	0.0522	0.077	0.0537	0.5475	0.0613	0.0908	0.0588	0.2709	0.0621	0.1356	0.0621	0.0927	0.0634	0.2799	0.0655		
		0.0561	0.0505	0.0808	0.0518	0.0578	0.0511	0.1509	0.0522	0.0708	0.0539	0.0817	0.0582	0.4668	0.0698	0.0874	0.0584	0.2609	0.0629	0.1374	0.0613	0.0847	0.0637	0.307	0.0683		
		0.083	0.0516	0.0504	0.0519	0.0531	0.0517	0.0736	0.0519	0.0553	0.0527	0.0763	0.0558	0.134	0.0572	0.3625	0.0552	0.1052	0.064	0.0695	0.0674	0.073	0.0654	0.0986	0.0661		
		0.0844	0.0494	0.051	0.0502	0.0537	0.0527	0.0747	0.053	0.056	0.0506	0.0611	0.0553	0.1386	0.0563	0.3768	0.0553	0.1061	0.0605	0.0711	0.0637	0.0731	0.0643	0.0983	0.0702		
		0.0567	0.0522	0.0553	0.0518	0.0887	0.0544	0.0576	0.0559	0.2339	0.0536	0.1422	0.0605	0.065	0.0597	0.0674	0.0649	0.1275	0.0633	0.1083	0.0689	0.1423	0.0663	0.169	0.0723		
		0.0555	0.0536	0.0555	0.0522	0.0831	0.0521	0.057	0.0528	0.2429	0.0551	0.1296	0.0577	0.0632	0.0587	0.0668	0.062	0.113	0.063	0.1095	0.0628	0.1374	0.0662	0.1444	0.0715		
		0.0815	0.055	0.0551	0.0534	0.8665	0.0512	0.1493	0.0546	0.0707	0.0568	0.0801	0.0574	0.0747	0.0602	0.0747	0.0592	0.0645	0.065	0.0647	0.0666	0.0652	0.0674	0.0812	0.0716		
		0.0777	0.0554	0.0563	0.0539	0.8789	0.058	0.1444	0.0578	0.0712	0.0565	0.0807	0.058	0.0754	0.0698	0.0782	0.0593	0.0673	0.0647	0.0682	0.0649	0.0788	0.0666	0.0818	0.066		
		0.0564	0.0522	0.0777	0.0517	0.1293	0.0542	0.1226	0.0589	0.1842	0.0601	0.0902	0.0613	0.1497	0.0667	0.086	0.0677	0.0982	0.0604	0.1655	0.0666	0.0876	0.0714	0.1001	0.1057		
		0.0598	0.0534	0.0804	0.0533	0.149	0.0558	0.1509	0.0618	0.1851	0.0592	0.0844	0.0748	0.1712	0.0637	0.0914	0.0632	0.1033	0.0665	0.1804	0.0723	0.0797	0.0703	0.1054	0.1252		
		
~End
