1453695273,s5,0.00,0.00,0.00,0,0,0.00,0.00,0.00,0,0,0.00,0.00,0,0
1453695273,s1,0.00,0.00,0.00,0,0,0.00,0.00,0.00,0,0,0.00,0.00,0,0
1453695273,eth0,0.00,0.00,0.00,0,0,0.00,0.00,0.00,0,0,0.00,0.00,0,0
1453695273,eth1,0.00,0.00,0.00,0,0,0.00,0.00,0.00,0,0,0.00,0.00,0,0
1453695273,s2,0.00,0.00,0.00,0,0,0.00,0.00,0.00,0,0,0.00,0.00,0,0
1453695273,s1-eth2,0.00,0.00,0.00,0,0,0.00,0.00,0.00,0,0,0.00,0.00,0,0
1453695273,s1-eth1,0.00,0.00,0.00,0,0,0.00,0.00,0.00,0,0,0.00,0.00,0,0
1453695273,s3,0.00,0.00,0.00,0,0,0.00,0.00,0.00,0,0,0.00,0.00,0,0
1453695273,s2-eth2,0.00,0.00,0.00,0,0,0.00,0.00,0.00,0,0,0.00,0.00,0,0
1453695273,s2-eth1,0.00,0.00,0.00,0,0,0.00,0.00,0.00,0,0,0.00,0.00,0,0
1453695273,lo,0.00,0.00,0.00,0,0,0.00,0.00,0.00,0,0,0.00,0.00,0,0
1453695273,s3-eth2,0.00,0.00,0.00,0,0,0.00,0.00,0.00,0,0,0.00,0.00,0,0
1453695273,s3-eth1,0.00,0.00,0.00,0,0,0.00,0.00,0.00,0,0,0.00,0.00,0,0
1453695273,total,0.00,0.00,0.00,0,0,0.00,0.00,0.00,0,0,0.00,0.00,0,0
1453695274,s5,0.00,0.00,0.00,0,0,0.00,0.00,0.00,0,0,0.00,0.00,0,0
1453695274,s1,160.00,2472.00,2632.00,2472,160,2.00,14.00,16.00,14,2,0.00,0.00,0,0
1453695274,eth0,608.00,1580.00,2188.00,1580,608,8.00,8.00,16.00,8,8,0.00,0.00,0,0
1453695274,eth1,0.00,0.00,0.00,0,0,0.00,0.00,0.00,0,0,0.00,0.00,0,0
1453695274,s2,250.00,3272.00,3522.00,3272,250,3.00,17.00,20.00,17,3,0.00,0.00,0,0
1453695274,s1-eth2,62274.00,5942154.00,6004428.00,5942154,62274,923.00,1023.00,1946.00,1023,923,0.00,0.00,0,0
1453695274,s1-eth1,5932862.00,60060.00,5992922.00,60060,5932862,1033.00,910.00,1943.00,910,1033,0.00,0.00,0,0
1453695274,s3,90.00,4462.00,4552.00,4462,90,1.00,25.00,26.00,25,1,0.00,0.00,0,0
1453695274,s2-eth2,64630.00,5936528.00,6001158.00,5936528,64630,937.00,1015.00,1952.00,1015,937,0.00,0.00,0,0
1453695274,s2-eth1,5936296.00,62208.00,5998504.00,62208,5936296,1022.00,922.00,1944.00,922,1022,0.00,0.00,0,0
1453695274,lo,19754.00,19754.00,39508.00,19754,19754,182.00,182.00,364.00,182,182,0.00,0.00,0,0
1453695274,s3-eth2,66176.00,5938192.00,6004368.00,5938192,66176,948.00,1008.00,1956.00,1008,948,0.00,0.00,0,0
1453695274,s3-eth1,5936528.00,64630.00,6001158.00,64630,5936528,1015.00,937.00,1952.00,937,1015,0.00,0.00,0,0
1453695274,total,18019628.00,18035312.00,36054940.00,18035312,18019628,6074.00,6061.00,12135.00,6061,6074,0.00,0.00,0,0
1453695275,s5,0.00,0.00,0.00,0,0,0.00,0.00,0.00,0,0,0.00,0.00,0,0
1453695275,s1,90.00,1338.00,1428.00,1338,90,1.00,4.00,5.00,4,1,0.00,0.00,0,0
1453695275,eth0,152.00,395.00,547.00,395,152,2.00,2.00,4.00,2,2,0.00,0.00,0,0
1453695275,eth1,0.00,0.00,0.00,0,0,0.00,0.00,0.00,0,0,0.00,0.00,0,0
1453695275,s2,0.00,1615.00,1615.00,1615,0,0.00,6.00,6.00,6,0,0.00,0.00,0,0
1453695275,s1-eth2,62524.00,5975442.00,6037966.00,5975442,62524,937.00,1008.00,1945.00,1008,937,0.00,0.00,0,0
1453695275,s1-eth1,5976087.00,61710.00,6037797.00,61710,5976087,1011.00,935.00,1946.00,935,1011,0.00,0.00,0,0
1453695275,s3,0.00,1582.00,1582.00,1582,0,0.00,7.00,7.00,7,0,0.00,0.00,0,0
1453695275,s2-eth2,63028.00,5973325.00,6036353.00,5973325,63028,938.00,1006.00,1944.00,1006,938,0.00,0.00,0,0
1453695275,s2-eth1,5975442.00,62524.00,6037966.00,62524,5975442,1008.00,937.00,1945.00,937,1008,0.00,0.00,0,0
1453695275,lo,6172.00,6172.00,12344.00,6172,6172,57.00,57.00,114.00,57,57,0.00,0.00,0,0
1453695275,s3-eth2,64314.00,5981542.00,6045856.00,5981542,64314,942.00,1007.00,1949.00,1007,942,0.00,0.00,0,0
1453695275,s3-eth1,5973325.00,63028.00,6036353.00,63028,5973325,1006.00,938.00,1944.00,938,1006,0.00,0.00,0,0
1453695275,total,18121134.00,18128672.00,36249808.00,18128673,18121134,5902.00,5907.00,11809.00,5907,5902,0.00,0.00,0,0
1453695276,s5,0.00,0.00,0.00,0,0,0.00,0.00,0.00,0,0,0.00,0.00,0,0
1453695276,s1,0.00,748.00,748.00,748,0,0.00,4.00,4.00,4,0,0.00,0.00,0,0
1453695276,eth0,0.00,0.00,0.00,0,0,0.00,0.00,0.00,0,0,0.00,0.00,0,0
1453695276,eth1,60.00,60.00,120.00,60,60,1.00,1.00,2.00,1,1,0.00,0.00,0,0
1453695276,s2,0.00,481.00,481.00,481,0,0.00,3.00,3.00,3,0,0.00,0.00,0,0
1453695276,s1-eth2,68021.00,6022772.00,6090793.00,6022772,68021,1030.00,1032.00,2062.00,1032,1030,0.00,0.00,0,0
1453695276,s1-eth1,6028630.00,67914.00,6096544.00,67914,6028630,1033.00,1029.00,2062.00,1029,1033,0.00,0.00,0,0
1453695276,s3,0.00,434.00,434.00,434,0,0.00,2.00,2.00,2,0,0.00,0.00,0,0
1453695276,s2-eth2,68348.00,6028256.00,6096604.00,6028256,68348,1031.00,1031.00,2062.00,1031,1031,0.00,0.00,0,0
1453695276,s2-eth1,6028630.00,68021.00,6096651.00,68021,6028630,1033.00,1030.00,2063.00,1030,1033,0.00,0.00,0,0
1453695276,lo,2881.00,2881.00,5762.00,2881,2881,28.00,28.00,56.00,28,28,0.00,0.00,0,0
1453695276,s3-eth2,68675.00,6027882.00,6096557.00,6027882,68675,1032.00,1029.00,2061.00,1029,1032,0.00,0.00,0,0
1453695276,s3-eth1,6028256.00,68348.00,6096604.00,68348,6028256,1031.00,1031.00,2062.00,1031,1031,0.00,0.00,0,0
1453695276,total,18293500.00,18287796.00,36581296.00,18287797,18293501,6219.00,6220.00,12439.00,6220,6219,0.00,0.00,0,0
1453695277,s5,0.00,0.00,0.00,0,0,0.00,0.00,0.00,0,0,0.00,0.00,0,0
1453695277,s1,0.00,1004.00,1004.00,1004,0,0.00,7.00,7.00,7,0,0.00,0.00,0,0
1453695277,eth0,60.00,60.00,120.00,60,60,1.00,1.00,2.00,1,1,0.00,0.00,0,0
1453695277,eth1,0.00,0.00,0.00,0,0,0.00,0.00,0.00,0,0,0.00,0.00,0,0
1453695277,s2,0.00,944.00,944.00,944,0,0.00,7.00,7.00,7,0,0.00,0.00,0,0
1453695277,s1-eth2,68453.00,6046390.00,6114843.00,6046390,68453,1034.00,1038.00,2072.00,1038,1034,0.00,0.00,0,0
1453695277,s1-eth1,6041318.00,68182.00,6109500.00,68182,6041318,1041.00,1033.00,2074.00,1033,1041,0.00,0.00,0,0
1453695277,s3,70.00,851.00,921.00,851,70,1.00,6.00,7.00,6,1,0.00,0.00,0,0
1453695277,s2-eth2,68893.00,6040135.00,6109028.00,6040135,68893,1037.00,1035.00,2072.00,1035,1037,0.00,0.00,0,0
1453695277,s2-eth1,6040532.00,68453.00,6108985.00,68453,6040532,1037.00,1034.00,2071.00,1034,1037,0.00,0.00,0,0
1453695277,lo,6185.00,6185.00,12370.00,6185,6185,66.00,66.00,132.00,66,66,0.00,0.00,0,0
1453695277,s3-eth2,69271.00,6045526.00,6114797.00,6045526,69271,1039.00,1033.00,2072.00,1033,1039,0.00,0.00,0,0
1453695277,s3-eth1,6040135.00,68893.00,6109028.00,68893,6040135,1035.00,1037.00,2072.00,1037,1035,0.00,0.00,0,0
1453695277,total,18334916.00,18346624.00,36681540.00,18346623,18334917,6291.00,6297.00,12588.00,6297,6291,0.00,0.00,0,0
1453695278,s5,0.00,0.00,0.00,0,0,0.00,0.00,0.00,0,0,0.00,0.00,0,0
1453695278,s1,70.00,70.00,140.00,70,70,1.00,1.00,2.00,1,1,0.00,0.00,0,0
1453695278,eth0,0.00,0.00,0.00,0,0,0.00,0.00,0.00,0,0,0.00,0.00,0,0
1453695278,eth1,0.00,0.00,0.00,0,0,0.00,0.00,0.00,0,0,0.00,0.00,0,0
1453695278,s2,70.00,739.00,809.00,739,70,1.00,3.00,4.00,3,1,0.00,0.00,0,0
1453695278,s1-eth2,68917.00,6051384.00,6120301.00,6051384,68917,1036.00,1034.00,2070.00,1034,1036,0.00,0.00,0,0
1453695278,s1-eth1,6045923.00,68112.00,6114035.00,68112,6045923,1035.00,1032.00,2067.00,1032,1035,0.00,0.00,0,0
1453695278,s3,0.00,1206.00,1206.00,1206,0,0.00,6.00,6.00,6,0,0.00,0.00,0,0
1453695278,s2-eth2,69318.00,6051314.00,6120632.00,6051314,69318,1038.00,1033.00,2071.00,1033,1038,0.00,0.00,0,0
1453695278,s2-eth1,6051384.00,68917.00,6120301.00,68917,6051384,1034.00,1036.00,2070.00,1036,1034,0.00,0.00,0,0
1453695278,lo,3506.00,3506.00,7012.00,3506,3506,36.00,36.00,72.00,36,36,0.00,0.00,0,0
1453695278,s3-eth2,69781.00,6045456.00,6115237.00,6045456,69781,1041.00,1032.00,2073.00,1032,1041,0.00,0.00,0,0
1453695278,s3-eth1,6051314.00,69318.00,6120632.00,69318,6051314,1033.00,1038.00,2071.00,1038,1033,0.00,0.00,0,0
1453695278,total,18360284.00,18360022.00,36720304.00,18360022,18360283,6255.00,6251.00,12506.00,6251,6255,0.00,0.00,0,0
1453695279,s5,0.00,0.00,0.00,0,0,0.00,0.00,0.00,0,0,0.00,0.00,0,0
1453695279,s1,0.00,0.00,0.00,0,0,0.00,0.00,0.00,0,0,0.00,0.00,0,0
1453695279,eth0,0.00,0.00,0.00,0,0,0.00,0.00,0.00,0,0,0.00,0.00,0,0
1453695279,eth1,0.00,0.00,0.00,0,0,0.00,0.00,0.00,0,0,0.00,0.00,0,0
1453695279,s2,0.00,0.00,0.00,0,0,0.00,0.00,0.00,0,0,0.00,0.00,0,0
1453695279,s1-eth2,68046.00,6045456.00,6113502.00,6045456,68046,1031.00,1032.00,2063.00,1032,1031,0.00,0.00,0,0
1453695279,s1-eth1,6045456.00,68046.00,6113502.00,68046,6045456,1032.00,1031.00,2063.00,1031,1032,0.00,0.00,0,0
1453695279,s3,0.00,0.00,0.00,0,0,0.00,0.00,0.00,0,0,0.00,0.00,0,0
1453695279,s2-eth2,68112.00,6045456.00,6113568.00,6045456,68112,1032.00,1032.00,2064.00,1032,1032,0.00,0.00,0,0
1453695279,s2-eth1,6045456.00,68046.00,6113502.00,68046,6045456,1032.00,1031.00,2063.00,1031,1032,0.00,0.00,0,0
1453695279,lo,0.00,0.00,0.00,0,0,0.00,0.00,0.00,0,0,0.00,0.00,0,0
1453695279,s3-eth2,68046.00,6045456.00,6113502.00,6045456,68046,1031.00,1032.00,2063.00,1032,1031,0.00,0.00,0,0
1453695279,s3-eth1,6045456.00,68112.00,6113568.00,68112,6045456,1032.00,1032.00,2064.00,1032,1032,0.00,0.00,0,0
1453695279,total,18340572.00,18340572.00,36681144.00,18340572,18340572,6190.00,6190.00,12380.00,6190,6190,0.00,0.00,0,0
1453695280,s5,0.00,0.00,0.00,0,0,0.00,0.00,0.00,0,0,0.00,0.00,0,0
1453695280,s1,0.00,556.00,556.00,556,0,0.00,3.00,3.00,3,0,0.00,0.00,0,0
1453695280,eth0,0.00,0.00,0.00,0,0,0.00,0.00,0.00,0,0,0.00,0.00,0,0
1453695280,eth1,0.00,0.00,0.00,0,0,0.00,0.00,0.00,0,0,0.00,0.00,0,0
1453695280,s2,0.00,556.00,556.00,556,0,0.00,3.00,3.00,3,0,0.00,0.00,0,0
1453695280,s1-eth2,68219.00,6046012.00,6114231.00,6046012,68219,1033.00,1035.00,2068.00,1035,1033,0.00,0.00,0,0
1453695280,s1-eth1,6046012.00,68178.00,6114190.00,68178,6046012,1035.00,1033.00,2068.00,1033,1035,0.00,0.00,0,0
1453695280,s3,0.00,107.00,107.00,107,0,0.00,1.00,1.00,1,0,0.00,0.00,0,0
1453695280,s2-eth2,68219.00,6045905.00,6114124.00,6045905,68219,1033.00,1034.00,2067.00,1034,1033,0.00,0.00,0,0
1453695280,s2-eth1,6046012.00,68219.00,6114231.00,68219,6046012,1035.00,1033.00,2068.00,1033,1035,0.00,0.00,0,0
1453695280,lo,2177.00,2177.00,4354.00,2177,2177,21.00,21.00,42.00,21,21,0.00,0.00,0,0
1453695280,s3-eth2,68285.00,6045456.00,6113741.00,6045456,68285,1034.00,1032.00,2066.00,1032,1034,0.00,0.00,0,0
1453695280,s3-eth1,6045905.00,68219.00,6114124.00,68219,6045905,1034.00,1033.00,2067.00,1033,1034,0.00,0.00,0,0
1453695280,total,18344828.00,18345384.00,36690216.00,18345385,18344829,6225.00,6228.00,12453.00,6228,6225,0.00,0.00,0,0
1453695281,s5,0.00,0.00,0.00,0,0,0.00,0.00,0.00,0,0,0.00,0.00,0,0
1453695281,s1,0.00,280.00,280.00,280,0,0.00,4.00,4.00,4,0,0.00,0.00,0,0
1453695281,eth0,0.00,0.00,0.00,0,0,0.00,0.00,0.00,0,0,0.00,0.00,0,0
1453695281,eth1,0.00,0.00,0.00,0,0,0.00,0.00,0.00,0,0,0.00,0.00,0,0
1453695281,s2,0.00,622.00,622.00,622,0,0.00,5.00,5.00,5,0,0.00,0.00,0,0
1453695281,s1-eth2,68660.00,6045666.00,6114326.00,6045666,68660,1036.00,1035.00,2071.00,1035,1036,0.00,0.00,0,0
1453695281,s1-eth1,6051701.00,68182.00,6119883.00,68182,6051701,1038.00,1033.00,2071.00,1033,1038,0.00,0.00,0,0
1453695281,s3,70.00,1001.00,1071.00,1001,70,1.00,6.00,7.00,6,1,0.00,0.00,0,0
1453695281,s2-eth2,69043.00,6051454.00,6120497.00,6051454,69043,1037.00,1035.00,2072.00,1035,1037,0.00,0.00,0,0
1453695281,s2-eth1,6045666.00,68660.00,6114326.00,68660,6045666,1035.00,1036.00,2071.00,1036,1035,0.00,0.00,0,0
1453695281,lo,4499.00,4499.00,8998.00,4499,4499,48.00,48.00,96.00,48,48,0.00,0.00,0,0
1453695281,s3-eth2,69562.00,6051384.00,6120946.00,6051384,69562,1040.00,1034.00,2074.00,1034,1040,0.00,0.00,0,0
1453695281,s3-eth1,6051454.00,69043.00,6120497.00,69043,6051454,1035.00,1037.00,2072.00,1037,1035,0.00,0.00,0,0
1453695281,total,18360656.00,18360792.00,36721448.00,18360791,18360655,6270.00,6273.00,12543.00,6273,6270,0.00,0.00,0,0
1453695282,s5,0.00,0.00,0.00,0,0,0.00,0.00,0.00,0,0,0.00,0.00,0,0
1453695282,s1,70.00,140.00,210.00,140,70,1.00,2.00,3.00,2,1,0.00,0.00,0,0
1453695282,eth0,0.00,288.00,288.00,288,0,0.00,1.00,1.00,1,0,0.00,0.00,0,0
1453695282,eth1,0.00,288.00,288.00,288,0,0.00,1.00,1.00,1,0,0.00,0.00,0,0
1453695282,s2,70.00,140.00,210.00,140,70,1.00,2.00,3.00,2,1,0.00,0.00,0,0
1453695282,s1-eth2,68182.00,6051454.00,6119636.00,6051454,68182,1033.00,1035.00,2068.00,1035,1033,0.00,0.00,0,0
1453695282,s1-eth1,6045666.00,68178.00,6113844.00,68178,6045666,1035.00,1033.00,2068.00,1033,1035,0.00,0.00,0,0
1453695282,s3,0.00,210.00,210.00,210,0,0.00,3.00,3.00,3,0,0.00,0.00,0,0
1453695282,s2-eth2,68388.00,6045526.00,6113914.00,6045526,68388,1036.00,1033.00,2069.00,1033,1036,0.00,0.00,0,0
1453695282,s2-eth1,6051454.00,68182.00,6119636.00,68182,6051454,1035.00,1033.00,2068.00,1033,1035,0.00,0.00,0,0
1453695282,lo,2584.00,2584.00,5168.00,2584,2584,30.00,30.00,60.00,30,30,0.00,0.00,0,0
1453695282,s3-eth2,68392.00,6045456.00,6113848.00,6045456,68392,1036.00,1032.00,2068.00,1032,1036,0.00,0.00,0,0
1453695282,s3-eth1,6045526.00,68388.00,6113914.00,68388,6045526,1033.00,1036.00,2069.00,1036,1033,0.00,0.00,0,0
1453695282,total,18350332.00,18350834.00,36701168.00,18350834,18350332,6240.00,6241.00,12481.00,6241,6240,0.00,0.00,0,0
1453695283,s5,0.00,0.00,0.00,0,0,0.00,0.00,0.00,0,0,0.00,0.00,0,0
1453695283,s1,0.00,342.00,342.00,342,0,0.00,1.00,1.00,1,0,0.00,0.00,0,0
1453695283,eth0,0.00,0.00,0.00,0,0,0.00,0.00,0.00,0,0,0.00,0.00,0,0
1453695283,eth1,0.00,0.00,0.00,0,0,0.00,0.00,0.00,0,0,0.00,0.00,0,0
1453695283,s2,0.00,0.00,0.00,0,0,0.00,0.00,0.00,0,0,0.00,0.00,0,0
1453695283,s1-eth2,68178.00,6039940.00,6108118.00,6039940,68178,1033.00,1032.00,2065.00,1032,1033,0.00,0.00,0,0
1453695283,s1-eth1,6045798.00,68112.00,6113910.00,68112,6045798,1033.00,1032.00,2065.00,1032,1033,0.00,0.00,0,0
1453695283,s3,0.00,0.00,0.00,0,0,0.00,0.00,0.00,0,0,0.00,0.00,0,0
1453695283,s2-eth2,68112.00,6045456.00,6113568.00,6045456,68112,1032.00,1032.00,2064.00,1032,1032,0.00,0.00,0,0
1453695283,s2-eth1,6039940.00,68178.00,6108118.00,68178,6039940,1032.00,1033.00,2065.00,1033,1032,0.00,0.00,0,0
1453695283,lo,326.00,326.00,652.00,326,326,3.00,3.00,6.00,3,3,0.00,0.00,0,0
1453695283,s3-eth2,68178.00,6045456.00,6113634.00,6045456,68178,1033.00,1032.00,2065.00,1032,1033,0.00,0.00,0,0
1453695283,s3-eth1,6045456.00,68112.00,6113568.00,68112,6045456,1032.00,1032.00,2064.00,1032,1032,0.00,0.00,0,0
1453695283,total,18335988.00,18335922.00,36671912.00,18335922,18335988,6198.00,6197.00,12395.00,6197,6198,0.00,0.00,0,0
1453695284,s5,0.00,0.00,0.00,0,0,0.00,0.00,0.00,0,0,0.00,0.00,0,0
1453695284,s1,0.00,0.00,0.00,0,0,0.00,0.00,0.00,0,0,0.00,0.00,0,0
1453695284,eth0,0.00,0.00,0.00,0,0,0.00,0.00,0.00,0,0,0.00,0.00,0,0
1453695284,eth1,0.00,0.00,0.00,0,0,0.00,0.00,0.00,0,0,0.00,0.00,0,0
1453695284,s2,0.00,0.00,0.00,0,0,0.00,0.00,0.00,0,0,0.00,0.00,0,0
1453695284,s1-eth2,68112.00,6051314.00,6119426.00,6051314,68112,1032.00,1033.00,2065.00,1033,1032,0.00,0.00,0,0
1453695284,s1-eth1,6051314.00,68178.00,6119492.00,68178,6051314,1033.00,1033.00,2066.00,1033,1033,0.00,0.00,0,0
1453695284,s3,0.00,0.00,0.00,0,0,0.00,0.00,0.00,0,0,0.00,0.00,0,0
1453695284,s2-eth2,68178.00,6051314.00,6119492.00,6051314,68178,1033.00,1033.00,2066.00,1033,1033,0.00,0.00,0,0
1453695284,s2-eth1,6051314.00,68112.00,6119426.00,68112,6051314,1033.00,1032.00,2065.00,1032,1033,0.00,0.00,0,0
1453695284,lo,0.00,0.00,0.00,0,0,0.00,0.00,0.00,0,0,0.00,0.00,0,0
1453695284,s3-eth2,68112.00,6051314.00,6119426.00,6051314,68112,1032.00,1033.00,2065.00,1033,1032,0.00,0.00,0,0
1453695284,s3-eth1,6051314.00,68178.00,6119492.00,68178,6051314,1033.00,1033.00,2066.00,1033,1033,0.00,0.00,0,0
1453695284,total,18358344.00,18358410.00,36716752.00,18358410,18358344,6196.00,6197.00,12393.00,6197,6196,0.00,0.00,0,0
1453695285,s5,0.00,0.00,0.00,0,0,0.00,0.00,0.00,0,0,0.00,0.00,0,0
1453695285,s1,0.00,0.00,0.00,0,0,0.00,0.00,0.00,0,0,0.00,0.00,0,0
1453695285,eth0,0.00,0.00,0.00,0,0,0.00,0.00,0.00,0,0,0.00,0.00,0,0
1453695285,eth1,0.00,0.00,0.00,0,0,0.00,0.00,0.00,0,0,0.00,0.00,0,0
1453695285,s2,0.00,0.00,0.00,0,0,0.00,0.00,0.00,0,0,0.00,0.00,0,0
1453695285,s1-eth2,68112.00,6045456.00,6113568.00,6045456,68112,1032.00,1032.00,2064.00,1032,1032,0.00,0.00,0,0
1453695285,s1-eth1,6045798.00,68112.00,6113910.00,68112,6045798,1033.00,1032.00,2065.00,1032,1033,0.00,0.00,0,0
1453695285,s3,0.00,0.00,0.00,0,0,0.00,0.00,0.00,0,0,0.00,0.00,0,0
1453695285,s2-eth2,68112.00,6045456.00,6113568.00,6045456,68112,1032.00,1032.00,2064.00,1032,1032,0.00,0.00,0,0
1453695285,s2-eth1,6045456.00,68112.00,6113568.00,68112,6045456,1032.00,1032.00,2064.00,1032,1032,0.00,0.00,0,0
1453695285,lo,0.00,0.00,0.00,0,0,0.00,0.00,0.00,0,0,0.00,0.00,0,0
1453695285,s3-eth2,68178.00,6045456.00,6113634.00,6045456,68178,1033.00,1032.00,2065.00,1032,1033,0.00,0.00,0,0
1453695285,s3-eth1,6045456.00,68112.00,6113568.00,68112,6045456,1032.00,1032.00,2064.00,1032,1032,0.00,0.00,0,0
1453695285,total,18341112.00,18340704.00,36681816.00,18340704,18341112,6194.00,6192.00,12386.00,6192,6194,0.00,0.00,0,0
1453695286,s5,0.00,0.00,0.00,0,0,0.00,0.00,0.00,0,0,0.00,0.00,0,0
1453695286,s1,0.00,342.00,342.00,342,0,0.00,1.00,1.00,1,0,0.00,0.00,0,0
1453695286,eth0,0.00,0.00,0.00,0,0,0.00,0.00,0.00,0,0,0.00,0.00,0,0
1453695286,eth1,0.00,0.00,0.00,0,0,0.00,0.00,0.00,0,0,0.00,0.00,0,0
1453695286,s2,0.00,342.00,342.00,342,0,0.00,1.00,1.00,1,0,0.00,0.00,0,0
1453695286,s1-eth2,68178.00,6051656.00,6119834.00,6051656,68178,1033.00,1034.00,2067.00,1034,1033,0.00,0.00,0,0
1453695286,s1-eth1,6051656.00,68112.00,6119768.00,68112,6051656,1034.00,1032.00,2066.00,1032,1034,0.00,0.00,0,0
1453695286,s3,0.00,0.00,0.00,0,0,0.00,0.00,0.00,0,0,0.00,0.00,0,0
1453695286,s2-eth2,68112.00,6051656.00,6119768.00,6051656,68112,1032.00,1034.00,2066.00,1034,1032,0.00,0.00,0,0
1453695286,s2-eth1,6051656.00,68178.00,6119834.00,68178,6051656,1034.00,1033.00,2067.00,1033,1034,0.00,0.00,0,0
1453695286,lo,996.00,996.00,1992.00,996,996,12.00,12.00,24.00,12,12,0.00,0.00,0,0
1453695286,s3-eth2,68112.00,6051314.00,6119426.00,6051314,68112,1032.00,1033.00,2065.00,1033,1032,0.00,0.00,0,0
1453695286,s3-eth1,6051656.00,68112.00,6119768.00,68112,6051656,1034.00,1032.00,2066.00,1032,1034,0.00,0.00,0,0
1453695286,total,18360366.00,18360708.00,36721072.00,18360708,18360366,6211.00,6212.00,12423.00,6212,6211,0.00,0.00,0,0
1453695287,s5,0.00,0.00,0.00,0,0,0.00,0.00,0.00,0,0,0.00,0.00,0,0
1453695287,s1,0.00,0.00,0.00,0,0,0.00,0.00,0.00,0,0,0.00,0.00,0,0
1453695287,eth0,0.00,0.00,0.00,0,0,0.00,0.00,0.00,0,0,0.00,0.00,0,0
1453695287,eth1,0.00,0.00,0.00,0,0,0.00,0.00,0.00,0,0,0.00,0.00,0,0
1453695287,s2,0.00,342.00,342.00,342,0,0.00,1.00,1.00,1,0,0.00,0.00,0,0
1453695287,s1-eth2,75912.00,6063082.00,6138994.00,6063082,75912,1146.00,1321.00,2467.00,1321,1146,0.00,0.00,0,0
1453695287,s1-eth1,6064266.00,75570.00,6139836.00,75570,6064266,1317.00,1145.00,2462.00,1145,1317,0.00,0.00,0,0
1453695287,s3,0.00,342.00,342.00,342,0,0.00,1.00,1.00,1,0,0.00,0.00,0,0
1453695287,s2-eth2,75978.00,6058738.00,6134716.00,6058738,75978,1147.00,1321.00,2468.00,1321,1147,0.00,0.00,0,0
1453695287,s2-eth1,6063082.00,75912.00,6138994.00,75912,6063082,1321.00,1146.00,2467.00,1146,1321,0.00,0.00,0,0
1453695287,lo,824.00,824.00,1648.00,824,824,9.00,9.00,18.00,9,9,0.00,0.00,0,0
1453695287,s3-eth2,75912.00,6059134.00,6135046.00,6059134,75912,1146.00,1327.00,2473.00,1327,1146,0.00,0.00,0,0
1453695287,s3-eth1,6058738.00,75978.00,6134716.00,75978,6058738,1321.00,1147.00,2468.00,1147,1321,0.00,0.00,0,0
1453695287,total,18414712.00,18409922.00,36824632.00,18409922,18414712,7407.00,7418.00,14825.00,7418,7407,0.00,0.00,0,0
1453695288,s5,0.00,0.00,0.00,0,0,0.00,0.00,0.00,0,0,0.00,0.00,0,0
1453695288,s1,0.00,214.00,214.00,214,0,0.00,2.00,2.00,2,0,0.00,0.00,0,0
1453695288,eth0,0.00,0.00,0.00,0,0,0.00,0.00,0.00,0,0,0.00,0.00,0,0
1453695288,eth1,0.00,0.00,0.00,0,0,0.00,0.00,0.00,0,0,0.00,0.00,0,0
1453695288,s2,0.00,214.00,214.00,214,0,0.00,2.00,2.00,2,0,0.00,0.00,0,0
1453695288,s1-eth2,72773.00,6061308.00,6134081.00,6061308,72773,1102.00,1249.00,2351.00,1249,1102,0.00,0.00,0,0
1453695288,s1-eth1,6058412.00,72864.00,6131276.00,72864,6058412,1249.00,1104.00,2353.00,1104,1249,0.00,0.00,0,0
1453695288,s3,0.00,107.00,107.00,107,0,0.00,1.00,1.00,1,0,0.00,0.00,0,0
1453695288,s2-eth2,72509.00,6061399.00,6133908.00,6061399,72509,1098.00,1251.00,2349.00,1251,1098,0.00,0.00,0,0
1453695288,s2-eth1,6061308.00,72773.00,6134081.00,72773,6061308,1249.00,1102.00,2351.00,1102,1249,0.00,0.00,0,0
1453695288,lo,1525.00,1525.00,3050.00,1525,1525,15.00,15.00,30.00,15,15,0.00,0.00,0,0
1453695288,s3-eth2,72311.00,6064122.00,6136433.00,6064122,72311,1095.00,1249.00,2344.00,1249,1095,0.00,0.00,0,0
1453695288,s3-eth1,6061399.00,72509.00,6133908.00,72509,6061399,1251.00,1098.00,2349.00,1098,1251,0.00,0.00,0,0
1453695288,total,18400236.00,18407036.00,36807272.00,18407035,18400237,7059.00,7073.00,14132.00,7073,7059,0.00,0.00,0,0
1453695289,s5,0.00,0.00,0.00,0,0,0.00,0.00,0.00,0,0,0.00,0.00,0,0
1453695289,s1,0.00,0.00,0.00,0,0,0.00,0.00,0.00,0,0,0.00,0.00,0,0
1453695289,eth0,0.00,0.00,0.00,0,0,0.00,0.00,0.00,0,0,0.00,0.00,0,0
1453695289,eth1,0.00,0.00,0.00,0,0,0.00,0.00,0.00,0,0,0.00,0.00,0,0
1453695289,s2,0.00,0.00,0.00,0,0,0.00,0.00,0.00,0,0,0.00,0.00,0,0
1453695289,s1-eth2,73788.00,6051920.00,6125708.00,6051920,73788,1118.00,1108.00,2226.00,1108,1118,0.00,0.00,0,0
1453695289,s1-eth1,6053739.00,73656.00,6127395.00,73656,6053739,1113.00,1116.00,2229.00,1116,1113,0.00,0.00,0,0
1453695289,s3,0.00,107.00,107.00,107,0,0.00,1.00,1.00,1,0,0.00,0.00,0,0
1453695289,s2-eth2,74159.00,6050208.00,6124367.00,6050208,74159,1123.00,1104.00,2227.00,1104,1123,0.00,0.00,0,0
1453695289,s2-eth1,6051920.00,73788.00,6125708.00,73788,6051920,1108.00,1118.00,2226.00,1118,1108,0.00,0.00,0,0
1453695289,lo,305.00,305.00,610.00,305,305,3.00,3.00,6.00,3,3,0.00,0.00,0,0
1453695289,s3-eth2,74464.00,6046982.00,6121446.00,6046982,74464,1127.00,1099.00,2226.00,1099,1127,0.00,0.00,0,0
1453695289,s3-eth1,6050208.00,74159.00,6124367.00,74159,6050208,1104.00,1123.00,2227.00,1123,1104,0.00,0.00,0,0
1453695289,total,18378584.00,18371124.00,36749708.00,18371125,18378583,6696.00,6672.00,13368.00,6672,6696,0.00,0.00,0,0
1453695290,s5,0.00,0.00,0.00,0,0,0.00,0.00,0.00,0,0,0.00,0.00,0,0
1453695290,s1,0.00,0.00,0.00,0,0,0.00,0.00,0.00,0,0,0.00,0.00,0,0
1453695290,eth0,0.00,0.00,0.00,0,0,0.00,0.00,0.00,0,0,0.00,0.00,0,0
1453695290,eth1,0.00,0.00,0.00,0,0,0.00,0.00,0.00,0,0,0.00,0.00,0,0
1453695290,s2,0.00,0.00,0.00,0,0,0.00,0.00,0.00,0,0,0.00,0.00,0,0
1453695290,s1-eth2,68112.00,6045456.00,6113568.00,6045456,68112,1032.00,1032.00,2064.00,1032,1032,0.00,0.00,0,0
1453695290,s1-eth1,6045456.00,68112.00,6113568.00,68112,6045456,1032.00,1032.00,2064.00,1032,1032,0.00,0.00,0,0
1453695290,s3,0.00,0.00,0.00,0,0,0.00,0.00,0.00,0,0,0.00,0.00,0,0
1453695290,s2-eth2,68112.00,6045456.00,6113568.00,6045456,68112,1032.00,1032.00,2064.00,1032,1032,0.00,0.00,0,0
1453695290,s2-eth1,6045456.00,68178.00,6113634.00,68178,6045456,1032.00,1033.00,2065.00,1033,1032,0.00,0.00,0,0
1453695290,lo,0.00,0.00,0.00,0,0,0.00,0.00,0.00,0,0,0.00,0.00,0,0
1453695290,s3-eth2,68178.00,6045456.00,6113634.00,6045456,68178,1033.00,1032.00,2065.00,1032,1033,0.00,0.00,0,0
1453695290,s3-eth1,6045456.00,68112.00,6113568.00,68112,6045456,1032.00,1032.00,2064.00,1032,1032,0.00,0.00,0,0
1453695290,total,18340770.00,18340770.00,36681540.00,18340770,18340770,6193.00,6193.00,12386.00,6193,6193,0.00,0.00,0,0
1453695291,s5,0.00,0.00,0.00,0,0,0.00,0.00,0.00,0,0,0.00,0.00,0,0
1453695291,s1,0.00,0.00,0.00,0,0,0.00,0.00,0.00,0,0,0.00,0.00,0,0
1453695291,eth0,0.00,0.00,0.00,0,0,0.00,0.00,0.00,0,0,0.00,0.00,0,0
1453695291,eth1,0.00,0.00,0.00,0,0,0.00,0.00,0.00,0,0,0.00,0.00,0,0
1453695291,s2,0.00,0.00,0.00,0,0,0.00,0.00,0.00,0,0,0.00,0.00,0,0
1453695291,s1-eth2,68178.00,6045456.00,6113634.00,6045456,68178,1033.00,1032.00,2065.00,1032,1033,0.00,0.00,0,0
1453695291,s1-eth1,6045456.00,68112.00,6113568.00,68112,6045456,1032.00,1032.00,2064.00,1032,1032,0.00,0.00,0,0
1453695291,s3,0.00,342.00,342.00,342,0,0.00,1.00,1.00,1,0,0.00,0.00,0,0
1453695291,s2-eth2,68454.00,6051314.00,6119768.00,6051314,68454,1033.00,1033.00,2066.00,1033,1033,0.00,0.00,0,0
1453695291,s2-eth1,6045456.00,68112.00,6113568.00,68112,6045456,1032.00,1032.00,2064.00,1032,1032,0.00,0.00,0,0
1453695291,lo,326.00,326.00,652.00,326,326,3.00,3.00,6.00,3,3,0.00,0.00,0,0
1453695291,s3-eth2,68454.00,6051314.00,6119768.00,6051314,68454,1033.00,1033.00,2066.00,1033,1033,0.00,0.00,0,0
1453695291,s3-eth1,6051314.00,68454.00,6119768.00,68454,6051314,1033.00,1033.00,2066.00,1033,1033,0.00,0.00,0,0
1453695291,total,18347638.00,18353430.00,36701068.00,18353430,18347638,6199.00,6199.00,12398.00,6199,6199,0.00,0.00,0,0
1453695292,s5,0.00,0.00,0.00,0,0,0.00,0.00,0.00,0,0,0.00,0.00,0,0
1453695292,s1,0.00,0.00,0.00,0,0,0.00,0.00,0.00,0,0,0.00,0.00,0,0
1453695292,eth0,0.00,0.00,0.00,0,0,0.00,0.00,0.00,0,0,0.00,0.00,0,0
1453695292,eth1,0.00,0.00,0.00,0,0,0.00,0.00,0.00,0,0,0.00,0.00,0,0
1453695292,s2,0.00,0.00,0.00,0,0,0.00,0.00,0.00,0,0,0.00,0.00,0,0
1453695292,s1-eth2,68112.00,6051314.00,6119426.00,6051314,68112,1032.00,1033.00,2065.00,1033,1032,0.00,0.00,0,0
1453695292,s1-eth1,6051314.00,68178.00,6119492.00,68178,6051314,1033.00,1033.00,2066.00,1033,1033,0.00,0.00,0,0
1453695292,s3,0.00,0.00,0.00,0,0,0.00,0.00,0.00,0,0,0.00,0.00,0,0
1453695292,s2-eth2,68178.00,6045456.00,6113634.00,6045456,68178,1033.00,1032.00,2065.00,1032,1033,0.00,0.00,0,0
1453695292,s2-eth1,6051314.00,68112.00,6119426.00,68112,6051314,1033.00,1032.00,2065.00,1032,1033,0.00,0.00,0,0
1453695292,lo,344.00,344.00,688.00,344,344,6.00,6.00,12.00,6,6,0.00,0.00,0,0
1453695292,s3-eth2,68112.00,6045456.00,6113568.00,6045456,68112,1032.00,1032.00,2064.00,1032,1032,0.00,0.00,0,0
1453695292,s3-eth1,6045456.00,68178.00,6113634.00,68178,6045456,1032.00,1033.00,2065.00,1033,1032,0.00,0.00,0,0
1453695292,total,18352830.00,18347038.00,36699868.00,18347038,18352830,6201.00,6201.00,12402.00,6201,6201,0.00,0.00,0,0
1453695293,s5,0.00,0.00,0.00,0,0,0.00,0.00,0.00,0,0,0.00,0.00,0,0
1453695293,s1,0.00,0.00,0.00,0,0,0.00,0.00,0.00,0,0,0.00,0.00,0,0
1453695293,eth0,0.00,0.00,0.00,0,0,0.00,0.00,0.00,0,0,0.00,0.00,0,0
1453695293,eth1,0.00,0.00,0.00,0,0,0.00,0.00,0.00,0,0,0.00,0.00,0,0
1453695293,s2,0.00,0.00,0.00,0,0,0.00,0.00,0.00,0,0,0.00,0.00,0,0
1453695293,s1-eth2,68112.00,6045456.00,6113568.00,6045456,68112,1032.00,1032.00,2064.00,1032,1032,0.00,0.00,0,0
1453695293,s1-eth1,6045456.00,68046.00,6113502.00,68046,6045456,1032.00,1031.00,2063.00,1031,1032,0.00,0.00,0,0
1453695293,s3,0.00,0.00,0.00,0,0,0.00,0.00,0.00,0,0,0.00,0.00,0,0
1453695293,s2-eth2,68046.00,6051314.00,6119360.00,6051314,68046,1031.00,1033.00,2064.00,1033,1031,0.00,0.00,0,0
1453695293,s2-eth1,6045456.00,68112.00,6113568.00,68112,6045456,1032.00,1032.00,2064.00,1032,1032,0.00,0.00,0,0
1453695293,lo,172.00,172.00,344.00,172,172,3.00,3.00,6.00,3,3,0.00,0.00,0,0
1453695293,s3-eth2,68112.00,6051314.00,6119426.00,6051314,68112,1032.00,1033.00,2065.00,1033,1032,0.00,0.00,0,0
1453695293,s3-eth1,6051314.00,68046.00,6119360.00,68046,6051314,1033.00,1031.00,2064.00,1031,1033,0.00,0.00,0,0
1453695293,total,18346668.00,18352460.00,36699128.00,18352460,18346668,6195.00,6195.00,12390.00,6195,6195,0.00,0.00,0,0
1453695294,s5,0.00,0.00,0.00,0,0,0.00,0.00,0.00,0,0,0.00,0.00,0,0
1453695294,s1,0.00,0.00,0.00,0,0,0.00,0.00,0.00,0,0,0.00,0.00,0,0
1453695294,eth0,0.00,0.00,0.00,0,0,0.00,0.00,0.00,0,0,0.00,0.00,0,0
1453695294,eth1,0.00,0.00,0.00,0,0,0.00,0.00,0.00,0,0,0.00,0.00,0,0
1453695294,s2,0.00,0.00,0.00,0,0,0.00,0.00,0.00,0,0,0.00,0.00,0,0
1453695294,s1-eth2,68112.00,6045456.00,6113568.00,6045456,68112,1032.00,1032.00,2064.00,1032,1032,0.00,0.00,0,0
1453695294,s1-eth1,6045456.00,68178.00,6113634.00,68178,6045456,1032.00,1033.00,2065.00,1033,1032,0.00,0.00,0,0
1453695294,s3,0.00,0.00,0.00,0,0,0.00,0.00,0.00,0,0,0.00,0.00,0,0
1453695294,s2-eth2,68178.00,6045456.00,6113634.00,6045456,68178,1033.00,1032.00,2065.00,1032,1033,0.00,0.00,0,0
1453695294,s2-eth1,6045456.00,68112.00,6113568.00,68112,6045456,1032.00,1032.00,2064.00,1032,1032,0.00,0.00,0,0
1453695294,lo,0.00,0.00,0.00,0,0,0.00,0.00,0.00,0,0,0.00,0.00,0,0
1453695294,s3-eth2,68112.00,6045456.00,6113568.00,6045456,68112,1032.00,1032.00,2064.00,1032,1032,0.00,0.00,0,0
1453695294,s3-eth1,6045456.00,68178.00,6113634.00,68178,6045456,1032.00,1033.00,2065.00,1033,1032,0.00,0.00,0,0
1453695294,total,18340770.00,18340836.00,36681608.00,18340836,18340770,6193.00,6194.00,12387.00,6194,6193,0.00,0.00,0,0
1453695295,s5,0.00,0.00,0.00,0,0,0.00,0.00,0.00,0,0,0.00,0.00,0,0
1453695295,s1,0.00,0.00,0.00,0,0,0.00,0.00,0.00,0,0,0.00,0.00,0,0
1453695295,eth0,0.00,0.00,0.00,0,0,0.00,0.00,0.00,0,0,0.00,0.00,0,0
1453695295,eth1,0.00,0.00,0.00,0,0,0.00,0.00,0.00,0,0,0.00,0.00,0,0
1453695295,s2,0.00,342.00,342.00,342,0,0.00,1.00,1.00,1,0,0.00,0.00,0,0
1453695295,s1-eth2,68454.00,6039598.00,6108052.00,6039598,68454,1033.00,1031.00,2064.00,1031,1033,0.00,0.00,0,0
1453695295,s1-eth1,6039940.00,68046.00,6107986.00,68046,6039940,1032.00,1031.00,2063.00,1031,1032,0.00,0.00,0,0
1453695295,s3,0.00,342.00,342.00,342,0,0.00,1.00,1.00,1,0,0.00,0.00,0,0
1453695295,s2-eth2,68388.00,6039598.00,6107986.00,6039598,68388,1032.00,1031.00,2063.00,1031,1032,0.00,0.00,0,0
1453695295,s2-eth1,6039598.00,68454.00,6108052.00,68454,6039598,1031.00,1033.00,2064.00,1033,1031,0.00,0.00,0,0
1453695295,lo,652.00,652.00,1304.00,652,652,6.00,6.00,12.00,6,6,0.00,0.00,0,0
1453695295,s3-eth2,68454.00,6039598.00,6108052.00,6039598,68454,1033.00,1031.00,2064.00,1031,1033,0.00,0.00,0,0
1453695295,s3-eth1,6039598.00,68388.00,6107986.00,68388,6039598,1031.00,1032.00,2063.00,1032,1031,0.00,0.00,0,0
1453695295,total,18325084.00,18325018.00,36650104.00,18325018,18325084,6198.00,6197.00,12395.00,6197,6198,0.00,0.00,0,0
1453695296,s5,0.00,0.00,0.00,0,0,0.00,0.00,0.00,0,0,0.00,0.00,0,0
1453695296,s1,0.00,0.00,0.00,0,0,0.00,0.00,0.00,0,0,0.00,0.00,0,0
1453695296,eth0,0.00,0.00,0.00,0,0,0.00,0.00,0.00,0,0,0.00,0.00,0,0
1453695296,eth1,0.00,0.00,0.00,0,0,0.00,0.00,0.00,0,0,0.00,0.00,0,0
1453695296,s2,0.00,0.00,0.00,0,0,0.00,0.00,0.00,0,0,0.00,0.00,0,0
1453695296,s1-eth2,68112.00,6051314.00,6119426.00,6051314,68112,1032.00,1033.00,2065.00,1033,1032,0.00,0.00,0,0
1453695296,s1-eth1,6051314.00,68178.00,6119492.00,68178,6051314,1033.00,1033.00,2066.00,1033,1033,0.00,0.00,0,0
1453695296,s3,0.00,0.00,0.00,0,0,0.00,0.00,0.00,0,0,0.00,0.00,0,0
1453695296,s2-eth2,68178.00,6051314.00,6119492.00,6051314,68178,1033.00,1033.00,2066.00,1033,1033,0.00,0.00,0,0
1453695296,s2-eth1,6051314.00,68112.00,6119426.00,68112,6051314,1033.00,1032.00,2065.00,1032,1033,0.00,0.00,0,0
1453695296,lo,0.00,0.00,0.00,0,0,0.00,0.00,0.00,0,0,0.00,0.00,0,0
1453695296,s3-eth2,68454.00,6051314.00,6119768.00,6051314,68454,1033.00,1033.00,2066.00,1033,1033,0.00,0.00,0,0
1453695296,s3-eth1,6051314.00,68178.00,6119492.00,68178,6051314,1033.00,1033.00,2066.00,1033,1033,0.00,0.00,0,0
1453695296,total,18358686.00,18358410.00,36717096.00,18358410,18358686,6197.00,6197.00,12394.00,6197,6197,0.00,0.00,0,0
1453695297,s5,0.00,0.00,0.00,0,0,0.00,0.00,0.00,0,0,0.00,0.00,0,0
1453695297,s1,0.00,0.00,0.00,0,0,0.00,0.00,0.00,0,0,0.00,0.00,0,0
1453695297,eth0,0.00,0.00,0.00,0,0,0.00,0.00,0.00,0,0,0.00,0.00,0,0
1453695297,eth1,0.00,0.00,0.00,0,0,0.00,0.00,0.00,0,0,0.00,0.00,0,0
1453695297,s2,0.00,0.00,0.00,0,0,0.00,0.00,0.00,0,0,0.00,0.00,0,0
1453695297,s1-eth2,68112.00,6045456.00,6113568.00,6045456,68112,1032.00,1032.00,2064.00,1032,1032,0.00,0.00,0,0
1453695297,s1-eth1,6045456.00,68112.00,6113568.00,68112,6045456,1032.00,1032.00,2064.00,1032,1032,0.00,0.00,0,0
1453695297,s3,0.00,0.00,0.00,0,0,0.00,0.00,0.00,0,0,0.00,0.00,0,0
1453695297,s2-eth2,68112.00,6045456.00,6113568.00,6045456,68112,1032.00,1032.00,2064.00,1032,1032,0.00,0.00,0,0
1453695297,s2-eth1,6045456.00,68112.00,6113568.00,68112,6045456,1032.00,1032.00,2064.00,1032,1032,0.00,0.00,0,0
1453695297,lo,344.00,344.00,688.00,344,344,6.00,6.00,12.00,6,6,0.00,0.00,0,0
1453695297,s3-eth2,68112.00,6045456.00,6113568.00,6045456,68112,1032.00,1032.00,2064.00,1032,1032,0.00,0.00,0,0
1453695297,s3-eth1,6045456.00,68112.00,6113568.00,68112,6045456,1032.00,1032.00,2064.00,1032,1032,0.00,0.00,0,0
1453695297,total,18341048.00,18341048.00,36682096.00,18341048,18341048,6198.00,6198.00,12396.00,6198,6198,0.00,0.00,0,0
1453695298,s5,0.00,0.00,0.00,0,0,0.00,0.00,0.00,0,0,0.00,0.00,0,0
1453695298,s1,0.00,0.00,0.00,0,0,0.00,0.00,0.00,0,0,0.00,0.00,0,0
1453695298,eth0,0.00,0.00,0.00,0,0,0.00,0.00,0.00,0,0,0.00,0.00,0,0
1453695298,eth1,0.00,0.00,0.00,0,0,0.00,0.00,0.00,0,0,0.00,0.00,0,0
1453695298,s2,0.00,0.00,0.00,0,0,0.00,0.00,0.00,0,0,0.00,0.00,0,0
1453695298,s1-eth2,68178.00,6051314.00,6119492.00,6051314,68178,1033.00,1033.00,2066.00,1033,1033,0.00,0.00,0,0
1453695298,s1-eth1,6051314.00,68112.00,6119426.00,68112,6051314,1033.00,1032.00,2065.00,1032,1033,0.00,0.00,0,0
1453695298,s3,0.00,0.00,0.00,0,0,0.00,0.00,0.00,0,0,0.00,0.00,0,0
1453695298,s2-eth2,68112.00,6051314.00,6119426.00,6051314,68112,1032.00,1033.00,2065.00,1033,1032,0.00,0.00,0,0
1453695298,s2-eth1,6051314.00,68178.00,6119492.00,68178,6051314,1033.00,1033.00,2066.00,1033,1033,0.00,0.00,0,0
1453695298,lo,0.00,0.00,0.00,0,0,0.00,0.00,0.00,0,0,0.00,0.00,0,0
1453695298,s3-eth2,68178.00,6051314.00,6119492.00,6051314,68178,1033.00,1033.00,2066.00,1033,1033,0.00,0.00,0,0
1453695298,s3-eth1,6051314.00,68112.00,6119426.00,68112,6051314,1033.00,1032.00,2065.00,1032,1033,0.00,0.00,0,0
1453695298,total,18358410.00,18358344.00,36716752.00,18358344,18358410,6197.00,6196.00,12393.00,6196,6197,0.00,0.00,0,0
1453695299,s5,0.00,0.00,0.00,0,0,0.00,0.00,0.00,0,0,0.00,0.00,0,0
1453695299,s1,0.00,0.00,0.00,0,0,0.00,0.00,0.00,0,0,0.00,0.00,0,0
1453695299,eth0,0.00,0.00,0.00,0,0,0.00,0.00,0.00,0,0,0.00,0.00,0,0
1453695299,eth1,0.00,0.00,0.00,0,0,0.00,0.00,0.00,0,0,0.00,0.00,0,0
1453695299,s2,0.00,0.00,0.00,0,0,0.00,0.00,0.00,0,0,0.00,0.00,0,0
1453695299,s1-eth2,68088.00,6039640.00,6107728.00,6039640,68088,1032.00,1032.00,2064.00,1032,1032,0.00,0.00,0,0
1453695299,s1-eth1,6039640.00,68154.00,6107794.00,68154,6039640,1032.00,1033.00,2065.00,1033,1032,0.00,0.00,0,0
1453695299,s3,0.00,0.00,0.00,0,0,0.00,0.00,0.00,0,0,0.00,0.00,0,0
1453695299,s2-eth2,68154.00,6039640.00,6107794.00,6039640,68154,1033.00,1032.00,2065.00,1032,1033,0.00,0.00,0,0
1453695299,s2-eth1,6039640.00,68088.00,6107728.00,68088,6039640,1032.00,1032.00,2064.00,1032,1032,0.00,0.00,0,0
1453695299,lo,888.00,888.00,1776.00,888,888,9.00,9.00,18.00,9,9,0.00,0.00,0,0
1453695299,s3-eth2,68088.00,6039640.00,6107728.00,6039640,68088,1032.00,1032.00,2064.00,1032,1032,0.00,0.00,0,0
1453695299,s3-eth1,6039640.00,68154.00,6107794.00,68154,6039640,1032.00,1033.00,2065.00,1033,1032,0.00,0.00,0,0
1453695299,total,18324138.00,18324204.00,36648344.00,18324204,18324138,6202.00,6203.00,12405.00,6203,6202,0.00,0.00,0,0
1453695300,s5,0.00,0.00,0.00,0,0,0.00,0.00,0.00,0,0,0.00,0.00,0,0
1453695300,s1,0.00,342.00,342.00,342,0,0.00,1.00,1.00,1,0,0.00,0.00,0,0
1453695300,eth0,0.00,0.00,0.00,0,0,0.00,0.00,0.00,0,0,0.00,0.00,0,0
1453695300,eth1,0.00,0.00,0.00,0,0,0.00,0.00,0.00,0,0,0.00,0.00,0,0
1453695300,s2,0.00,342.00,342.00,342,0,0.00,1.00,1.00,1,0,0.00,0.00,0,0
1453695300,s1-eth2,68178.00,6051656.00,6119834.00,6051656,68178,1033.00,1034.00,2067.00,1034,1033,0.00,0.00,0,0
1453695300,s1-eth1,6051656.00,68112.00,6119768.00,68112,6051656,1034.00,1032.00,2066.00,1032,1034,0.00,0.00,0,0
1453695300,s3,0.00,0.00,0.00,0,0,0.00,0.00,0.00,0,0,0.00,0.00,0,0
1453695300,s2-eth2,68112.00,6051656.00,6119768.00,6051656,68112,1032.00,1034.00,2066.00,1034,1032,0.00,0.00,0,0
1453695300,s2-eth1,6051656.00,68178.00,6119834.00,68178,6051656,1034.00,1033.00,2067.00,1033,1034,0.00,0.00,0,0
1453695300,lo,652.00,652.00,1304.00,652,652,6.00,6.00,12.00,6,6,0.00,0.00,0,0
1453695300,s3-eth2,68178.00,6051314.00,6119492.00,6051314,68178,1033.00,1033.00,2066.00,1033,1033,0.00,0.00,0,0
1453695300,s3-eth1,6051656.00,68112.00,6119768.00,68112,6051656,1034.00,1032.00,2066.00,1032,1034,0.00,0.00,0,0
1453695300,total,18360088.00,18360364.00,36720452.00,18360364,18360088,6206.00,6206.00,12412.00,6206,6206,0.00,0.00,0,0
1453695301,s5,0.00,0.00,0.00,0,0,0.00,0.00,0.00,0,0,0.00,0.00,0,0
1453695301,s1,0.00,0.00,0.00,0,0,0.00,0.00,0.00,0,0,0.00,0.00,0,0
1453695301,eth0,0.00,0.00,0.00,0,0,0.00,0.00,0.00,0,0,0.00,0.00,0,0
1453695301,eth1,0.00,0.00,0.00,0,0,0.00,0.00,0.00,0,0,0.00,0.00,0,0
1453695301,s2,0.00,0.00,0.00,0,0,0.00,0.00,0.00,0,0,0.00,0.00,0,0
1453695301,s1-eth2,68112.00,6045456.00,6113568.00,6045456,68112,1032.00,1032.00,2064.00,1032,1032,0.00,0.00,0,0
1453695301,s1-eth1,6045456.00,68112.00,6113568.00,68112,6045456,1032.00,1032.00,2064.00,1032,1032,0.00,0.00,0,0
1453695301,s3,0.00,0.00,0.00,0,0,0.00,0.00,0.00,0,0,0.00,0.00,0,0
1453695301,s2-eth2,68178.00,6045456.00,6113634.00,6045456,68178,1033.00,1032.00,2065.00,1032,1033,0.00,0.00,0,0
1453695301,s2-eth1,6045456.00,68112.00,6113568.00,68112,6045456,1032.00,1032.00,2064.00,1032,1032,0.00,0.00,0,0
1453695301,lo,0.00,0.00,0.00,0,0,0.00,0.00,0.00,0,0,0.00,0.00,0,0
1453695301,s3-eth2,68112.00,6045456.00,6113568.00,6045456,68112,1032.00,1032.00,2064.00,1032,1032,0.00,0.00,0,0
1453695301,s3-eth1,6045456.00,68178.00,6113634.00,68178,6045456,1032.00,1033.00,2065.00,1033,1032,0.00,0.00,0,0
1453695301,total,18340770.00,18340770.00,36681540.00,18340770,18340770,6193.00,6193.00,12386.00,6193,6193,0.00,0.00,0,0
1453695302,s5,0.00,0.00,0.00,0,0,0.00,0.00,0.00,0,0,0.00,0.00,0,0
1453695302,s1,0.00,342.00,342.00,342,0,0.00,1.00,1.00,1,0,0.00,0.00,0,0
1453695302,eth0,0.00,0.00,0.00,0,0,0.00,0.00,0.00,0,0,0.00,0.00,0,0
1453695302,eth1,0.00,0.00,0.00,0,0,0.00,0.00,0.00,0,0,0.00,0.00,0,0
1453695302,s2,0.00,0.00,0.00,0,0,0.00,0.00,0.00,0,0,0.00,0.00,0,0
1453695302,s1-eth2,68112.00,6045798.00,6113910.00,6045798,68112,1032.00,1033.00,2065.00,1033,1032,0.00,0.00,0,0
1453695302,s1-eth1,6045798.00,68178.00,6113976.00,68178,6045798,1033.00,1033.00,2066.00,1033,1033,0.00,0.00,0,0
1453695302,s3,0.00,0.00,0.00,0,0,0.00,0.00,0.00,0,0,0.00,0.00,0,0
1453695302,s2-eth2,68112.00,6045456.00,6113568.00,6045456,68112,1032.00,1032.00,2064.00,1032,1032,0.00,0.00,0,0
1453695302,s2-eth1,6045798.00,68112.00,6113910.00,68112,6045798,1033.00,1032.00,2065.00,1032,1033,0.00,0.00,0,0
1453695302,lo,498.00,498.00,996.00,498,498,6.00,6.00,12.00,6,6,0.00,0.00,0,0
1453695302,s3-eth2,68178.00,6045456.00,6113634.00,6045456,68178,1033.00,1032.00,2065.00,1032,1033,0.00,0.00,0,0
1453695302,s3-eth1,6045456.00,68112.00,6113568.00,68112,6045456,1032.00,1032.00,2064.00,1032,1032,0.00,0.00,0,0
1453695302,total,18341952.00,18341952.00,36683904.00,18341952,18341952,6201.00,6201.00,12402.00,6201,6201,0.00,0.00,0,0
1453695303,s5,0.00,0.00,0.00,0,0,0.00,0.00,0.00,0,0,0.00,0.00,0,0
1453695303,s1,0.00,0.00,0.00,0,0,0.00,0.00,0.00,0,0,0.00,0.00,0,0
1453695303,eth0,0.00,0.00,0.00,0,0,0.00,0.00,0.00,0,0,0.00,0.00,0,0
1453695303,eth1,0.00,0.00,0.00,0,0,0.00,0.00,0.00,0,0,0.00,0.00,0,0
1453695303,s2,0.00,0.00,0.00,0,0,0.00,0.00,0.00,0,0,0.00,0.00,0,0
1453695303,s1-eth2,68112.00,6045456.00,6113568.00,6045456,68112,1032.00,1032.00,2064.00,1032,1032,0.00,0.00,0,0
1453695303,s1-eth1,6045456.00,68046.00,6113502.00,68046,6045456,1032.00,1031.00,2063.00,1031,1032,0.00,0.00,0,0
1453695303,s3,0.00,0.00,0.00,0,0,0.00,0.00,0.00,0,0,0.00,0.00,0,0
1453695303,s2-eth2,68112.00,6045456.00,6113568.00,6045456,68112,1032.00,1032.00,2064.00,1032,1032,0.00,0.00,0,0
1453695303,s2-eth1,6045456.00,68112.00,6113568.00,68112,6045456,1032.00,1032.00,2064.00,1032,1032,0.00,0.00,0,0
1453695303,lo,172.00,172.00,344.00,172,172,3.00,3.00,6.00,3,3,0.00,0.00,0,0
1453695303,s3-eth2,68046.00,6045456.00,6113502.00,6045456,68046,1031.00,1032.00,2063.00,1032,1031,0.00,0.00,0,0
1453695303,s3-eth1,6045456.00,68112.00,6113568.00,68112,6045456,1032.00,1032.00,2064.00,1032,1032,0.00,0.00,0,0
1453695303,total,18340810.00,18340810.00,36681620.00,18340810,18340810,6194.00,6194.00,12388.00,6194,6194,0.00,0.00,0,0
1453695304,s5,0.00,0.00,0.00,0,0,0.00,0.00,0.00,0,0,0.00,0.00,0,0
1453695304,s1,0.00,214.00,214.00,214,0,0.00,2.00,2.00,2,0,0.00,0.00,0,0
1453695304,eth0,0.00,0.00,0.00,0,0,0.00,0.00,0.00,0,0,0.00,0.00,0,0
1453695304,eth1,0.00,0.00,0.00,0,0,0.00,0.00,0.00,0,0,0.00,0.00,0,0
1453695304,s2,0.00,214.00,214.00,214,0,0.00,2.00,2.00,2,0,0.00,0.00,0,0
1453695304,s1-eth2,68219.00,6045670.00,6113889.00,6045670,68219,1033.00,1034.00,2067.00,1034,1033,0.00,0.00,0,0
1453695304,s1-eth1,6046119.00,68178.00,6114297.00,68178,6046119,1036.00,1033.00,2069.00,1033,1036,0.00,0.00,0,0
1453695304,s3,0.00,107.00,107.00,107,0,0.00,1.00,1.00,1,0,0.00,0.00,0,0
1453695304,s2-eth2,68219.00,6045563.00,6113782.00,6045563,68219,1033.00,1033.00,2066.00,1033,1033,0.00,0.00,0,0
1453695304,s2-eth1,6045670.00,68219.00,6113889.00,68219,6045670,1034.00,1033.00,2067.00,1033,1034,0.00,0.00,0,0
1453695304,lo,1525.00,1525.00,3050.00,1525,1525,15.00,15.00,30.00,15,15,0.00,0.00,0,0
1453695304,s3-eth2,68219.00,6045456.00,6113675.00,6045456,68219,1033.00,1032.00,2065.00,1032,1033,0.00,0.00,0,0
1453695304,s3-eth1,6045563.00,68219.00,6113782.00,68219,6045563,1033.00,1033.00,2066.00,1033,1033,0.00,0.00,0,0
1453695304,total,18343534.00,18343364.00,36686900.00,18343365,18343534,6217.00,6218.00,12435.00,6218,6217,0.00,0.00,0,0
1453695305,s5,0.00,0.00,0.00,0,0,0.00,0.00,0.00,0,0,0.00,0.00,0,0
1453695305,s1,0.00,0.00,0.00,0,0,0.00,0.00,0.00,0,0,0.00,0.00,0,0
1453695305,eth0,0.00,0.00,0.00,0,0,0.00,0.00,0.00,0,0,0.00,0.00,0,0
1453695305,eth1,0.00,0.00,0.00,0,0,0.00,0.00,0.00,0,0,0.00,0.00,0,0
1453695305,s2,0.00,0.00,0.00,0,0,0.00,0.00,0.00,0,0,0.00,0.00,0,0
1453695305,s1-eth2,76032.00,6069216.00,6145248.00,6069216,76032,1152.00,1392.00,2544.00,1392,1152,0.00,0.00,0,0
1453695305,s1-eth1,6063358.00,75966.00,6139324.00,75966,6063358,1391.00,1151.00,2542.00,1151,1391,0.00,0.00,0,0
1453695305,s3,0.00,449.00,449.00,449,0,0.00,2.00,2.00,2,0,0.00,0.00,0,0
1453695305,s2-eth2,76415.00,6075074.00,6151489.00,6075074,76415,1153.00,1393.00,2546.00,1393,1153,0.00,0.00,0,0
1453695305,s2-eth1,6069216.00,76032.00,6145248.00,76032,6069216,1392.00,1152.00,2544.00,1152,1392,0.00,0.00,0,0
1453695305,lo,631.00,631.00,1262.00,631,631,6.00,6.00,12.00,6,6,0.00,0.00,0,0
1453695305,s3-eth2,76588.00,6069216.00,6145804.00,6069216,76588,1155.00,1392.00,2547.00,1392,1155,0.00,0.00,0,0
1453695305,s3-eth1,6075074.00,76415.00,6151489.00,76415,6075074,1393.00,1153.00,2546.00,1153,1393,0.00,0.00,0,0
1453695305,total,18437314.00,18443000.00,36880312.00,18442999,18437314,7642.00,7641.00,15283.00,7641,7642,0.00,0.00,0,0
1453695306,s5,0.00,0.00,0.00,0,0,0.00,0.00,0.00,0,0,0.00,0.00,0,0
1453695306,s1,0.00,0.00,0.00,0,0,0.00,0.00,0.00,0,0,0.00,0.00,0,0
1453695306,eth0,0.00,0.00,0.00,0,0,0.00,0.00,0.00,0,0,0.00,0.00,0,0
1453695306,eth1,0.00,0.00,0.00,0,0,0.00,0.00,0.00,0,0,0.00,0.00,0,0
1453695306,s2,0.00,0.00,0.00,0,0,0.00,0.00,0.00,0,0,0.00,0.00,0,0
1453695306,s1-eth2,78276.00,6058582.00,6136858.00,6058582,78276,1186.00,1187.00,2373.00,1187,1186,0.00,0.00,0,0
1453695306,s1-eth1,6058582.00,78342.00,6136924.00,78342,6058582,1187.00,1187.00,2374.00,1187,1187,0.00,0.00,0,0
1453695306,s3,0.00,0.00,0.00,0,0,0.00,0.00,0.00,0,0,0.00,0.00,0,0
1453695306,s2-eth2,78342.00,6058582.00,6136924.00,6058582,78342,1187.00,1187.00,2374.00,1187,1187,0.00,0.00,0,0
1453695306,s2-eth1,6058582.00,78276.00,6136858.00,78276,6058582,1187.00,1186.00,2373.00,1186,1187,0.00,0.00,0,0
1453695306,lo,0.00,0.00,0.00,0,0,0.00,0.00,0.00,0,0,0.00,0.00,0,0
1453695306,s3-eth2,78342.00,6058582.00,6136924.00,6058582,78342,1187.00,1187.00,2374.00,1187,1187,0.00,0.00,0,0
1453695306,s3-eth1,6058582.00,78342.00,6136924.00,78342,6058582,1187.00,1187.00,2374.00,1187,1187,0.00,0.00,0,0
1453695306,total,18410706.00,18410706.00,36821412.00,18410706,18410706,7121.00,7121.00,14242.00,7121,7121,0.00,0.00,0,0
1453695307,s5,0.00,0.00,0.00,0,0,0.00,0.00,0.00,0,0,0.00,0.00,0,0
1453695307,s1,0.00,0.00,0.00,0,0,0.00,0.00,0.00,0,0,0.00,0.00,0,0
1453695307,eth0,0.00,0.00,0.00,0,0,0.00,0.00,0.00,0,0,0.00,0.00,0,0
1453695307,eth1,0.00,0.00,0.00,0,0,0.00,0.00,0.00,0,0,0.00,0.00,0,0
1453695307,s2,0.00,0.00,0.00,0,0,0.00,0.00,0.00,0,0,0.00,0.00,0,0
1453695307,s1-eth2,68178.00,6045456.00,6113634.00,6045456,68178,1033.00,1032.00,2065.00,1032,1033,0.00,0.00,0,0
1453695307,s1-eth1,6051314.00,68112.00,6119426.00,68112,6051314,1033.00,1032.00,2065.00,1032,1033,0.00,0.00,0,0
1453695307,s3,0.00,0.00,0.00,0,0,0.00,0.00,0.00,0,0,0.00,0.00,0,0
1453695307,s2-eth2,68112.00,6045456.00,6113568.00,6045456,68112,1032.00,1032.00,2064.00,1032,1032,0.00,0.00,0,0
1453695307,s2-eth1,6051314.00,68178.00,6119492.00,68178,6051314,1033.00,1033.00,2066.00,1033,1033,0.00,0.00,0,0
1453695307,lo,172.00,172.00,344.00,172,172,3.00,3.00,6.00,3,3,0.00,0.00,0,0
1453695307,s3-eth2,68112.00,6051314.00,6119426.00,6051314,68112,1032.00,1033.00,2065.00,1033,1032,0.00,0.00,0,0
1453695307,s3-eth1,6045456.00,68112.00,6113568.00,68112,6045456,1032.00,1032.00,2064.00,1032,1032,0.00,0.00,0,0
1453695307,total,18352658.00,18346800.00,36699456.00,18346800,18352658,6198.00,6197.00,12395.00,6197,6198,0.00,0.00,0,0
1453695308,s5,0.00,0.00,0.00,0,0,0.00,0.00,0.00,0,0,0.00,0.00,0,0
1453695308,s1,0.00,0.00,0.00,0,0,0.00,0.00,0.00,0,0,0.00,0.00,0,0
1453695308,eth0,0.00,0.00,0.00,0,0,0.00,0.00,0.00,0,0,0.00,0.00,0,0
1453695308,eth1,0.00,0.00,0.00,0,0,0.00,0.00,0.00,0,0,0.00,0.00,0,0
1453695308,s2,0.00,0.00,0.00,0,0,0.00,0.00,0.00,0,0,0.00,0.00,0,0
1453695308,s1-eth2,68112.00,6051314.00,6119426.00,6051314,68112,1032.00,1033.00,2065.00,1033,1032,0.00,0.00,0,0
1453695308,s1-eth1,6045456.00,68112.00,6113568.00,68112,6045456,1032.00,1032.00,2064.00,1032,1032,0.00,0.00,0,0
1453695308,s3,0.00,0.00,0.00,0,0,0.00,0.00,0.00,0,0,0.00,0.00,0,0
1453695308,s2-eth2,68178.00,6045456.00,6113634.00,6045456,68178,1033.00,1032.00,2065.00,1032,1033,0.00,0.00,0,0
1453695308,s2-eth1,6045456.00,68112.00,6113568.00,68112,6045456,1032.00,1032.00,2064.00,1032,1032,0.00,0.00,0,0
1453695308,lo,172.00,172.00,344.00,172,172,3.00,3.00,6.00,3,3,0.00,0.00,0,0
1453695308,s3-eth2,68112.00,6045456.00,6113568.00,6045456,68112,1032.00,1032.00,2064.00,1032,1032,0.00,0.00,0,0
1453695308,s3-eth1,6045456.00,68178.00,6113634.00,68178,6045456,1032.00,1033.00,2065.00,1033,1032,0.00,0.00,0,0
1453695308,total,18340942.00,18346800.00,36687744.00,18346800,18340942,6196.00,6197.00,12393.00,6197,6196,0.00,0.00,0,0
1453695309,s5,0.00,0.00,0.00,0,0,0.00,0.00,0.00,0,0,0.00,0.00,0,0
1453695309,s1,0.00,0.00,0.00,0,0,0.00,0.00,0.00,0,0,0.00,0.00,0,0
1453695309,eth0,0.00,0.00,0.00,0,0,0.00,0.00,0.00,0,0,0.00,0.00,0,0
1453695309,eth1,0.00,0.00,0.00,0,0,0.00,0.00,0.00,0,0,0.00,0.00,0,0
1453695309,s2,0.00,0.00,0.00,0,0,0.00,0.00,0.00,0,0,0.00,0.00,0,0
1453695309,s1-eth2,68178.00,6045456.00,6113634.00,6045456,68178,1033.00,1032.00,2065.00,1032,1033,0.00,0.00,0,0
1453695309,s1-eth1,6045456.00,68178.00,6113634.00,68178,6045456,1032.00,1033.00,2065.00,1033,1032,0.00,0.00,0,0
1453695309,s3,0.00,0.00,0.00,0,0,0.00,0.00,0.00,0,0,0.00,0.00,0,0
1453695309,s2-eth2,68112.00,6045456.00,6113568.00,6045456,68112,1032.00,1032.00,2064.00,1032,1032,0.00,0.00,0,0
1453695309,s2-eth1,6045456.00,68178.00,6113634.00,68178,6045456,1032.00,1033.00,2065.00,1033,1032,0.00,0.00,0,0
1453695309,lo,344.00,344.00,688.00,344,344,6.00,6.00,12.00,6,6,0.00,0.00,0,0
1453695309,s3-eth2,68178.00,6045456.00,6113634.00,6045456,68178,1033.00,1032.00,2065.00,1032,1033,0.00,0.00,0,0
1453695309,s3-eth1,6045456.00,68112.00,6113568.00,68112,6045456,1032.00,1032.00,2064.00,1032,1032,0.00,0.00,0,0
1453695309,total,18341180.00,18341180.00,36682360.00,18341180,18341180,6200.00,6200.00,12400.00,6200,6200,0.00,0.00,0,0
1453695310,s5,0.00,0.00,0.00,0,0,0.00,0.00,0.00,0,0,0.00,0.00,0,0
1453695310,s1,0.00,0.00,0.00,0,0,0.00,0.00,0.00,0,0,0.00,0.00,0,0
1453695310,eth0,0.00,0.00,0.00,0,0,0.00,0.00,0.00,0,0,0.00,0.00,0,0
1453695310,eth1,0.00,0.00,0.00,0,0,0.00,0.00,0.00,0,0,0.00,0.00,0,0
1453695310,s2,0.00,0.00,0.00,0,0,0.00,0.00,0.00,0,0,0.00,0.00,0,0
1453695310,s1-eth2,68112.00,6051314.00,6119426.00,6051314,68112,1032.00,1033.00,2065.00,1033,1032,0.00,0.00,0,0
1453695310,s1-eth1,6051314.00,68112.00,6119426.00,68112,6051314,1033.00,1032.00,2065.00,1032,1033,0.00,0.00,0,0
1453695310,s3,0.00,0.00,0.00,0,0,0.00,0.00,0.00,0,0,0.00,0.00,0,0
1453695310,s2-eth2,68178.00,6051314.00,6119492.00,6051314,68178,1033.00,1033.00,2066.00,1033,1033,0.00,0.00,0,0
1453695310,s2-eth1,6051314.00,68112.00,6119426.00,68112,6051314,1033.00,1032.00,2065.00,1032,1033,0.00,0.00,0,0
1453695310,lo,0.00,0.00,0.00,0,0,0.00,0.00,0.00,0,0,0.00,0.00,0,0
1453695310,s3-eth2,68112.00,6051314.00,6119426.00,6051314,68112,1032.00,1033.00,2065.00,1033,1032,0.00,0.00,0,0
1453695310,s3-eth1,6051314.00,68178.00,6119492.00,68178,6051314,1033.00,1033.00,2066.00,1033,1033,0.00,0.00,0,0
1453695310,total,18358344.00,18358344.00,36716688.00,18358344,18358344,6196.00,6196.00,12392.00,6196,6196,0.00,0.00,0,0
1453695311,s5,0.00,0.00,0.00,0,0,0.00,0.00,0.00,0,0,0.00,0.00,0,0
1453695311,s1,0.00,0.00,0.00,0,0,0.00,0.00,0.00,0,0,0.00,0.00,0,0
1453695311,eth0,0.00,0.00,0.00,0,0,0.00,0.00,0.00,0,0,0.00,0.00,0,0
1453695311,eth1,0.00,0.00,0.00,0,0,0.00,0.00,0.00,0,0,0.00,0.00,0,0
1453695311,s2,0.00,0.00,0.00,0,0,0.00,0.00,0.00,0,0,0.00,0.00,0,0
1453695311,s1-eth2,68046.00,6039598.00,6107644.00,6039598,68046,1031.00,1031.00,2062.00,1031,1031,0.00,0.00,0,0
1453695311,s1-eth1,6039598.00,68112.00,6107710.00,68112,6039598,1031.00,1032.00,2063.00,1032,1031,0.00,0.00,0,0
1453695311,s3,0.00,0.00,0.00,0,0,0.00,0.00,0.00,0,0,0.00,0.00,0,0
1453695311,s2-eth2,68046.00,6039598.00,6107644.00,6039598,68046,1031.00,1031.00,2062.00,1031,1031,0.00,0.00,0,0
1453695311,s2-eth1,6039598.00,68112.00,6107710.00,68112,6039598,1031.00,1032.00,2063.00,1032,1031,0.00,0.00,0,0
1453695311,lo,0.00,0.00,0.00,0,0,0.00,0.00,0.00,0,0,0.00,0.00,0,0
1453695311,s3-eth2,68112.00,6039598.00,6107710.00,6039598,68112,1032.00,1031.00,2063.00,1031,1032,0.00,0.00,0,0
1453695311,s3-eth1,6039598.00,68046.00,6107644.00,68046,6039598,1031.00,1031.00,2062.00,1031,1031,0.00,0.00,0,0
1453695311,total,18322998.00,18323064.00,36646064.00,18323064,18322998,6187.00,6188.00,12375.00,6188,6187,0.00,0.00,0,0
1453695312,s5,0.00,0.00,0.00,0,0,0.00,0.00,0.00,0,0,0.00,0.00,0,0
1453695312,s1,0.00,342.00,342.00,342,0,0.00,1.00,1.00,1,0,0.00,0.00,0,0
1453695312,eth0,0.00,288.00,288.00,288,0,0.00,1.00,1.00,1,0,0.00,0.00,0,0
1453695312,eth1,0.00,288.00,288.00,288,0,0.00,1.00,1.00,1,0,0.00,0.00,0,0
1453695312,s2,0.00,0.00,0.00,0,0,0.00,0.00,0.00,0,0,0.00,0.00,0,0
1453695312,s1-eth2,68178.00,6051656.00,6119834.00,6051656,68178,1033.00,1034.00,2067.00,1034,1033,0.00,0.00,0,0
1453695312,s1-eth1,6051656.00,68112.00,6119768.00,68112,6051656,1034.00,1032.00,2066.00,1032,1034,0.00,0.00,0,0
1453695312,s3,0.00,0.00,0.00,0,0,0.00,0.00,0.00,0,0,0.00,0.00,0,0
1453695312,s2-eth2,68178.00,6051314.00,6119492.00,6051314,68178,1033.00,1033.00,2066.00,1033,1033,0.00,0.00,0,0
1453695312,s2-eth1,6051656.00,68112.00,6119768.00,68112,6051656,1034.00,1032.00,2066.00,1032,1034,0.00,0.00,0,0
1453695312,lo,498.00,498.00,996.00,498,498,6.00,6.00,12.00,6,6,0.00,0.00,0,0
1453695312,s3-eth2,68112.00,6051314.00,6119426.00,6051314,68112,1032.00,1033.00,2065.00,1033,1032,0.00,0.00,0,0
1453695312,s3-eth1,6051314.00,68178.00,6119492.00,68178,6051314,1033.00,1033.00,2066.00,1033,1033,0.00,0.00,0,0
1453695312,total,18359592.00,18360102.00,36719696.00,18360102,18359592,6205.00,6206.00,12411.00,6206,6205,0.00,0.00,0,0
1453695313,s5,0.00,0.00,0.00,0,0,0.00,0.00,0.00,0,0,0.00,0.00,0,0
1453695313,s1,0.00,0.00,0.00,0,0,0.00,0.00,0.00,0,0,0.00,0.00,0,0
1453695313,eth0,0.00,0.00,0.00,0,0,0.00,0.00,0.00,0,0,0.00,0.00,0,0
1453695313,eth1,0.00,0.00,0.00,0,0,0.00,0.00,0.00,0,0,0.00,0.00,0,0
1453695313,s2,0.00,342.00,342.00,342,0,0.00,1.00,1.00,1,0,0.00,0.00,0,0
1453695313,s1-eth2,68454.00,6039598.00,6108052.00,6039598,68454,1033.00,1031.00,2064.00,1031,1033,0.00,0.00,0,0
1453695313,s1-eth1,6039598.00,68112.00,6107710.00,68112,6039598,1031.00,1032.00,2063.00,1032,1031,0.00,0.00,0,0
1453695313,s3,0.00,342.00,342.00,342,0,0.00,1.00,1.00,1,0,0.00,0.00,0,0
1453695313,s2-eth2,68388.00,6039598.00,6107986.00,6039598,68388,1032.00,1031.00,2063.00,1031,1032,0.00,0.00,0,0
1453695313,s2-eth1,6039598.00,68454.00,6108052.00,68454,6039598,1031.00,1033.00,2064.00,1033,1031,0.00,0.00,0,0
1453695313,lo,652.00,652.00,1304.00,652,652,6.00,6.00,12.00,6,6,0.00,0.00,0,0
1453695313,s3-eth2,68454.00,6039598.00,6108052.00,6039598,68454,1033.00,1031.00,2064.00,1031,1033,0.00,0.00,0,0
1453695313,s3-eth1,6039598.00,68388.00,6107986.00,68388,6039598,1031.00,1032.00,2063.00,1032,1031,0.00,0.00,0,0
1453695313,total,18324742.00,18325084.00,36649824.00,18325084,18324742,6197.00,6198.00,12395.00,6198,6197,0.00,0.00,0,0
1453695314,s5,0.00,0.00,0.00,0,0,0.00,0.00,0.00,0,0,0.00,0.00,0,0
1453695314,s1,0.00,0.00,0.00,0,0,0.00,0.00,0.00,0,0,0.00,0.00,0,0
1453695314,eth0,0.00,0.00,0.00,0,0,0.00,0.00,0.00,0,0,0.00,0.00,0,0
1453695314,eth1,0.00,0.00,0.00,0,0,0.00,0.00,0.00,0,0,0.00,0.00,0,0
1453695314,s2,0.00,0.00,0.00,0,0,0.00,0.00,0.00,0,0,0.00,0.00,0,0
1453695314,s1-eth2,68046.00,6045456.00,6113502.00,6045456,68046,1031.00,1032.00,2063.00,1032,1031,0.00,0.00,0,0
1453695314,s1-eth1,6045456.00,68112.00,6113568.00,68112,6045456,1032.00,1032.00,2064.00,1032,1032,0.00,0.00,0,0
1453695314,s3,0.00,0.00,0.00,0,0,0.00,0.00,0.00,0,0,0.00,0.00,0,0
1453695314,s2-eth2,68112.00,6045456.00,6113568.00,6045456,68112,1032.00,1032.00,2064.00,1032,1032,0.00,0.00,0,0
1453695314,s2-eth1,6045456.00,68046.00,6113502.00,68046,6045456,1032.00,1031.00,2063.00,1031,1032,0.00,0.00,0,0
1453695314,lo,0.00,0.00,0.00,0,0,0.00,0.00,0.00,0,0,0.00,0.00,0,0
1453695314,s3-eth2,68112.00,6045456.00,6113568.00,6045456,68112,1032.00,1032.00,2064.00,1032,1032,0.00,0.00,0,0
1453695314,s3-eth1,6045456.00,68112.00,6113568.00,68112,6045456,1032.00,1032.00,2064.00,1032,1032,0.00,0.00,0,0
1453695314,total,18340638.00,18340638.00,36681276.00,18340638,18340638,6191.00,6191.00,12382.00,6191,6191,0.00,0.00,0,0
1453695315,s5,0.00,0.00,0.00,0,0,0.00,0.00,0.00,0,0,0.00,0.00,0,0
1453695315,s1,0.00,342.00,342.00,342,0,0.00,1.00,1.00,1,0,0.00,0.00,0,0
1453695315,eth0,0.00,0.00,0.00,0,0,0.00,0.00,0.00,0,0,0.00,0.00,0,0
1453695315,eth1,0.00,0.00,0.00,0,0,0.00,0.00,0.00,0,0,0.00,0.00,0,0
1453695315,s2,0.00,342.00,342.00,342,0,0.00,1.00,1.00,1,0,0.00,0.00,0,0
1453695315,s1-eth2,67980.00,6034082.00,6102062.00,6034082,67980,1030.00,1031.00,2061.00,1031,1030,0.00,0.00,0,0
1453695315,s1-eth1,6034082.00,67914.00,6101996.00,67914,6034082,1031.00,1029.00,2060.00,1029,1031,0.00,0.00,0,0
1453695315,s3,0.00,0.00,0.00,0,0,0.00,0.00,0.00,0,0,0.00,0.00,0,0
1453695315,s2-eth2,67914.00,6034082.00,6101996.00,6034082,67914,1029.00,1031.00,2060.00,1031,1029,0.00,0.00,0,0
1453695315,s2-eth1,6034082.00,67980.00,6102062.00,67980,6034082,1031.00,1030.00,2061.00,1030,1031,0.00,0.00,0,0
1453695315,lo,652.00,652.00,1304.00,652,652,6.00,6.00,12.00,6,6,0.00,0.00,0,0
1453695315,s3-eth2,67914.00,6033740.00,6101654.00,6033740,67914,1029.00,1030.00,2059.00,1030,1029,0.00,0.00,0,0
1453695315,s3-eth1,6034082.00,67914.00,6101996.00,67914,6034082,1031.00,1029.00,2060.00,1029,1031,0.00,0.00,0,0
1453695315,total,18306706.00,18307048.00,36613752.00,18307048,18306706,6187.00,6188.00,12375.00,6188,6187,0.00,0.00,0,0
1453695316,s5,0.00,0.00,0.00,0,0,0.00,0.00,0.00,0,0,0.00,0.00,0,0
1453695316,s1,0.00,0.00,0.00,0,0,0.00,0.00,0.00,0,0,0.00,0.00,0,0
1453695316,eth0,0.00,0.00,0.00,0,0,0.00,0.00,0.00,0,0,0.00,0.00,0,0
1453695316,eth1,0.00,0.00,0.00,0,0,0.00,0.00,0.00,0,0,0.00,0.00,0,0
1453695316,s2,0.00,0.00,0.00,0,0,0.00,0.00,0.00,0,0,0.00,0.00,0,0
1453695316,s1-eth2,68112.00,6045456.00,6113568.00,6045456,68112,1032.00,1032.00,2064.00,1032,1032,0.00,0.00,0,0
1453695316,s1-eth1,6045456.00,68178.00,6113634.00,68178,6045456,1032.00,1033.00,2065.00,1033,1032,0.00,0.00,0,0
1453695316,s3,0.00,0.00,0.00,0,0,0.00,0.00,0.00,0,0,0.00,0.00,0,0
1453695316,s2-eth2,68178.00,6045456.00,6113634.00,6045456,68178,1033.00,1032.00,2065.00,1032,1033,0.00,0.00,0,0
1453695316,s2-eth1,6045456.00,68112.00,6113568.00,68112,6045456,1032.00,1032.00,2064.00,1032,1032,0.00,0.00,0,0
1453695316,lo,0.00,0.00,0.00,0,0,0.00,0.00,0.00,0,0,0.00,0.00,0,0
1453695316,s3-eth2,68112.00,6045456.00,6113568.00,6045456,68112,1032.00,1032.00,2064.00,1032,1032,0.00,0.00,0,0
1453695316,s3-eth1,6045456.00,68178.00,6113634.00,68178,6045456,1032.00,1033.00,2065.00,1033,1032,0.00,0.00,0,0
1453695316,total,18340770.00,18340836.00,36681608.00,18340836,18340770,6193.00,6194.00,12387.00,6194,6193,0.00,0.00,0,0
1453695317,s5,0.00,0.00,0.00,0,0,0.00,0.00,0.00,0,0,0.00,0.00,0,0
1453695317,s1,0.00,0.00,0.00,0,0,0.00,0.00,0.00,0,0,0.00,0.00,0,0
1453695317,eth0,0.00,0.00,0.00,0,0,0.00,0.00,0.00,0,0,0.00,0.00,0,0
1453695317,eth1,0.00,0.00,0.00,0,0,0.00,0.00,0.00,0,0,0.00,0.00,0,0
1453695317,s2,0.00,0.00,0.00,0,0,0.00,0.00,0.00,0,0,0.00,0.00,0,0
1453695317,s1-eth2,65340.00,5793562.00,5858902.00,5793562,65340,990.00,989.00,1979.00,989,990,0.00,0.00,0,0
1453695317,s1-eth1,5793904.00,65274.00,5859178.00,65274,5793904,990.00,989.00,1979.00,989,990,0.00,0.00,0,0
1453695317,s3,0.00,0.00,0.00,0,0,0.00,0.00,0.00,0,0,0.00,0.00,0,0
1453695317,s2-eth2,65274.00,5793562.00,5858836.00,5793562,65274,989.00,989.00,1978.00,989,989,0.00,0.00,0,0
1453695317,s2-eth1,5793562.00,65340.00,5858902.00,65340,5793562,989.00,990.00,1979.00,990,989,0.00,0.00,0,0
1453695317,lo,172.00,172.00,344.00,172,172,3.00,3.00,6.00,3,3,0.00,0.00,0,0
1453695317,s3-eth2,65682.00,5793562.00,5859244.00,5793562,65682,991.00,989.00,1980.00,989,991,0.00,0.00,0,0
1453695317,s3-eth1,5793562.00,65274.00,5858836.00,65274,5793562,989.00,989.00,1978.00,989,989,0.00,0.00,0,0
1453695317,total,17577496.00,17576746.00,35154240.00,17576746,17577496,5941.00,5938.00,11879.00,5938,5941,0.00,0.00,0,0
1453695318,s5,0.00,0.00,0.00,0,0,0.00,0.00,0.00,0,0,0.00,0.00,0,0
1453695318,s1,0.00,0.00,0.00,0,0,0.00,0.00,0.00,0,0,0.00,0.00,0,0
1453695318,eth0,0.00,0.00,0.00,0,0,0.00,0.00,0.00,0,0,0.00,0.00,0,0
1453695318,eth1,0.00,0.00,0.00,0,0,0.00,0.00,0.00,0,0,0.00,0.00,0,0
1453695318,s2,0.00,0.00,0.00,0,0,0.00,0.00,0.00,0,0,0.00,0.00,0,0
1453695318,s1-eth2,72072.00,6058120.00,6130192.00,6058120,72072,1092.00,1180.00,2272.00,1180,1092,0.00,0.00,0,0
1453695318,s1-eth1,6057856.00,72336.00,6130192.00,72336,6057856,1176.00,1096.00,2272.00,1096,1176,0.00,0.00,0,0
1453695318,s3,0.00,0.00,0.00,0,0,0.00,0.00,0.00,0,0,0.00,0.00,0,0
1453695318,s2-eth2,71874.00,6058384.00,6130258.00,6058384,71874,1089.00,1184.00,2273.00,1184,1089,0.00,0.00,0,0
1453695318,s2-eth1,6058120.00,72072.00,6130192.00,72072,6058120,1180.00,1092.00,2272.00,1092,1180,0.00,0.00,0,0
1453695318,lo,172.00,172.00,344.00,172,172,3.00,3.00,6.00,3,3,0.00,0.00,0,0
1453695318,s3-eth2,71610.00,6061610.00,6133220.00,6061610,71610,1085.00,1189.00,2274.00,1189,1085,0.00,0.00,0,0
1453695318,s3-eth1,6058384.00,71874.00,6130258.00,71874,6058384,1184.00,1089.00,2273.00,1089,1184,0.00,0.00,0,0
1453695318,total,18390088.00,18394568.00,36784656.00,18394568,18390088,6809.00,6833.00,13642.00,6833,6809,0.00,0.00,0,0
1453695319,s5,0.00,0.00,0.00,0,0,0.00,0.00,0.00,0,0,0.00,0.00,0,0
1453695319,s1,0.00,0.00,0.00,0,0,0.00,0.00,0.00,0,0,0.00,0.00,0,0
1453695319,eth0,0.00,0.00,0.00,0,0,0.00,0.00,0.00,0,0,0.00,0.00,0,0
1453695319,eth1,0.00,0.00,0.00,0,0,0.00,0.00,0.00,0,0,0.00,0.00,0,0
1453695319,s2,0.00,0.00,0.00,0,0,0.00,0.00,0.00,0,0,0.00,0.00,0,0
1453695319,s1-eth2,74316.00,6049486.00,6123802.00,6049486,74316,1126.00,1115.00,2241.00,1115,1126,0.00,0.00,0,0
1453695319,s1-eth1,6049750.00,74118.00,6123868.00,74118,6049750,1119.00,1123.00,2242.00,1123,1119,0.00,0.00,0,0
1453695319,s3,0.00,0.00,0.00,0,0,0.00,0.00,0.00,0,0,0.00,0.00,0,0
1453695319,s2-eth2,74580.00,6049222.00,6123802.00,6049222,74580,1130.00,1111.00,2241.00,1111,1130,0.00,0.00,0,0
1453695319,s2-eth1,6049486.00,74316.00,6123802.00,74316,6049486,1115.00,1126.00,2241.00,1126,1115,0.00,0.00,0,0
1453695319,lo,344.00,344.00,688.00,344,344,6.00,6.00,12.00,6,6,0.00,0.00,0,0
1453695319,s3-eth2,74778.00,6045996.00,6120774.00,6045996,74778,1133.00,1106.00,2239.00,1106,1133,0.00,0.00,0,0
1453695319,s3-eth1,6049222.00,74580.00,6123802.00,74580,6049222,1111.00,1130.00,2241.00,1130,1111,0.00,0.00,0,0
1453695319,total,18372476.00,18368062.00,36740536.00,18368062,18372476,6740.00,6717.00,13457.00,6717,6740,0.00,0.00,0,0
1453695320,s5,0.00,0.00,0.00,0,0,0.00,0.00,0.00,0,0,0.00,0.00,0,0
1453695320,s1,0.00,904.00,904.00,904,0,0.00,4.00,4.00,4,0,0.00,0.00,0,0
1453695320,eth0,608.00,1580.00,2188.00,1580,608,8.00,8.00,16.00,8,8,0.00,0.00,0,0
1453695320,eth1,76.00,0.00,76.00,0,76,1.00,0.00,1.00,0,1,0.00,0.00,0,0
1453695320,s2,0.00,904.00,904.00,904,0,0.00,4.00,4.00,4,0,0.00,0.00,0,0
1453695320,s1-eth2,66914.00,5902022.00,5968936.00,5902022,66914,1009.00,1043.00,2052.00,1043,1009,0.00,0.00,0,0
1453695320,s1-eth1,5901814.00,66462.00,5968276.00,66462,5901814,1035.00,1007.00,2042.00,1007,1035,0.00,0.00,0,0
1453695320,s3,0.00,904.00,904.00,904,0,0.00,4.00,4.00,4,0,0.00,0.00,0,0
1453695320,s2-eth2,67366.00,5901636.00,5969002.00,5901636,67366,1011.00,1042.00,2053.00,1042,1011,0.00,0.00,0,0
1453695320,s2-eth1,5902022.00,66914.00,5968936.00,66914,5902022,1043.00,1009.00,2052.00,1009,1043,0.00,0.00,0,0
1453695320,lo,5768.00,5768.00,11536.00,5768,5768,52.00,52.00,104.00,52,52,0.00,0.00,0,0
1453695320,s3-eth2,67884.00,5907042.00,5974926.00,5907042,67884,1014.00,1041.00,2055.00,1041,1014,0.00,0.00,0,0
1453695320,s3-eth1,5901636.00,67366.00,5969002.00,67366,5901636,1042.00,1011.00,2053.00,1011,1042,0.00,0.00,0,0
1453695320,total,17914088.00,17921502.00,35835592.00,17921502,17914088,6215.00,6225.00,12440.00,6225,6215,0.00,0.00,0,0
1453695321,s5,0.00,0.00,0.00,0,0,0.00,0.00,0.00,0,0,0.00,0.00,0,0
1453695321,s1,0.00,376.00,376.00,376,0,0.00,4.00,4.00,4,0,0.00,0.00,0,0
1453695321,eth0,152.00,395.00,547.00,395,152,2.00,2.00,4.00,2,2,0.00,0.00,0,0
1453695321,eth1,0.00,0.00,0.00,0,0,0.00,0.00,0.00,0,0,0.00,0.00,0,0
1453695321,s2,0.00,376.00,376.00,376,0,0.00,4.00,4.00,4,0,0.00,0.00,0,0
1453695321,s1-eth2,79982.00,6073090.00,6153072.00,6073090,79982,1211.00,1449.00,2660.00,1449,1211,0.00,0.00,0,0
1453695321,s1-eth1,6069264.00,79992.00,6149256.00,79992,6069264,1456.00,1212.00,2668.00,1212,1456,0.00,0.00,0,0
1453695321,s3,0.00,376.00,376.00,376,0,0.00,4.00,4.00,4,0,0.00,0.00,0,0
1453695321,s2-eth2,79906.00,6073100.00,6153006.00,6073100,79906,1209.00,1450.00,2659.00,1450,1209,0.00,0.00,0,0
1453695321,s2-eth1,6073090.00,79982.00,6153072.00,79982,6073090,1449.00,1211.00,2660.00,1211,1449,0.00,0.00,0,0
1453695321,lo,3995.00,3995.00,7990.00,3995,3995,40.00,40.00,80.00,40,40,0.00,0.00,0,0
1453695321,s3-eth2,79830.00,6065870.00,6145700.00,6065870,79830,1207.00,1451.00,2658.00,1451,1207,0.00,0.00,0,0
1453695321,s3-eth1,6073100.00,79906.00,6153006.00,79906,6073100,1450.00,1209.00,2659.00,1209,1450,0.00,0.00,0,0
1453695321,total,18459320.00,18457458.00,36916776.00,18457458,18459319,8024.00,8036.00,16060.00,8036,8024,0.00,0.00,0,0
1453695322,s5,0.00,0.00,0.00,0,0,0.00,0.00,0.00,0,0,0.00,0.00,0,0
1453695322,s1,0.00,2668.00,2668.00,2668,0,0.00,16.00,16.00,16,0,0.00,0.00,0,0
1453695322,eth0,912.00,2370.00,3282.00,2370,912,12.00,12.00,24.00,12,12,0.00,0.00,0,0
1453695322,eth1,0.00,0.00,0.00,0,0,0.00,0.00,0.00,0,0,0.00,0.00,0,0
1453695322,s2,0.00,2123.00,2123.00,2123,0,0.00,13.00,13.00,13,0,0.00,0.00,0,0
1453695322,s1-eth2,81754.00,6064150.00,6145904.00,6064150,81754,1227.00,1225.00,2452.00,1225,1227,0.00,0.00,0,0
1453695322,s1-eth1,6064310.00,80256.00,6144566.00,80256,6064310,1237.00,1216.00,2453.00,1216,1237,0.00,0.00,0,0
1453695322,s3,0.00,3013.00,3013.00,3013,0,0.00,17.00,17.00,17,0,0.00,0.00,0,0
1453695322,s2-eth2,83731.00,6062107.00,6145838.00,6062107,83731,1240.00,1211.00,2451.00,1211,1240,0.00,0.00,0,0
1453695322,s2-eth1,6064150.00,81754.00,6145904.00,81754,6064150,1225.00,1227.00,2452.00,1227,1225,0.00,0.00,0,0
1453695322,lo,16396.00,16396.00,32792.00,16396,16396,152.00,152.00,304.00,152,152,0.00,0.00,0,0
1453695322,s3-eth2,86101.00,6062402.00,6148503.00,6062402,86101,1255.00,1201.00,2456.00,1201,1255,0.00,0.00,0,0
1453695322,s3-eth1,6062107.00,83797.00,6145904.00,83797,6062107,1211.00,1241.00,2452.00,1241,1211,0.00,0.00,0,0
1453695322,total,18459460.00,18461036.00,36920496.00,18461036,18459461,7559.00,7531.00,15090.00,7531,7559,0.00,0.00,0,0
1453695323,s5,0.00,0.00,0.00,0,0,0.00,0.00,0.00,0,0,0.00,0.00,0,0
1453695323,s1,0.00,2474.00,2474.00,2474,0,0.00,11.00,11.00,11,0,0.00,0.00,0,0
1453695323,eth0,152.00,395.00,547.00,395,152,2.00,2.00,4.00,2,2,0.00,0.00,0,0
1453695323,eth1,0.00,0.00,0.00,0,0,0.00,0.00,0.00,0,0,0.00,0.00,0,0
1453695323,s2,0.00,3361.00,3361.00,3361,0,0.00,15.00,15.00,15,0,0.00,0.00,0,0
1453695323,s1-eth2,69554.00,6042072.00,6111626.00,6042072,69554,1038.00,1042.00,2080.00,1042,1038,0.00,0.00,0,0
1453695323,s1-eth1,6043470.00,68112.00,6111582.00,68112,6043470,1048.00,1032.00,2080.00,1032,1048,0.00,0.00,0,0
1453695323,s3,0.00,2471.00,2471.00,2471,0,0.00,11.00,11.00,11,0,0.00,0.00,0,0
1453695323,s2-eth2,70583.00,6047309.00,6117892.00,6047309,70583,1043.00,1040.00,2083.00,1040,1043,0.00,0.00,0,0
1453695323,s2-eth1,6042072.00,69554.00,6111626.00,69554,6042072,1042.00,1038.00,2080.00,1038,1042,0.00,0.00,0,0
1453695323,lo,12099.00,12099.00,24198.00,12099,12099,113.00,113.00,226.00,113,113,0.00,0.00,0,0
1453695323,s3-eth2,71219.00,6045456.00,6116675.00,6045456,71219,1046.00,1032.00,2078.00,1032,1046,0.00,0.00,0,0
1453695323,s3-eth1,6047309.00,70517.00,6117826.00,70517,6047309,1040.00,1042.00,2082.00,1042,1040,0.00,0.00,0,0
1453695323,total,18356458.00,18363820.00,36720280.00,18363820,18356458,6372.00,6378.00,12750.00,6378,6372,0.00,0.00,0,0
1453695324,s5,0.00,0.00,0.00,0,0,0.00,0.00,0.00,0,0,0.00,0.00,0,0
1453695324,s1,0.00,996.00,996.00,996,0,0.00,3.00,3.00,3,0,0.00,0.00,0,0
1453695324,eth0,0.00,0.00,0.00,0,0,0.00,0.00,0.00,0,0,0.00,0.00,0,0
1453695324,eth1,0.00,0.00,0.00,0,0,0.00,0.00,0.00,0,0,0.00,0.00,0,0
1453695324,s2,0.00,654.00,654.00,654,0,0.00,2.00,2.00,2,0,0.00,0.00,0,0
1453695324,s1-eth2,68547.00,6046494.00,6115041.00,6046494,68547,1035.00,1036.00,2071.00,1036,1035,0.00,0.00,0,0
1453695324,s1-eth1,6046821.00,68154.00,6114975.00,68154,6046821,1037.00,1033.00,2070.00,1033,1037,0.00,0.00,0,0
1453695324,s3,0.00,654.00,654.00,654,0,0.00,2.00,2.00,2,0,0.00,0.00,0,0
1453695324,s2-eth2,68808.00,6045825.00,6114633.00,6045825,68808,1035.00,1034.00,2069.00,1034,1035,0.00,0.00,0,0
1453695324,s2-eth1,6046494.00,68547.00,6115041.00,68547,6046494,1036.00,1035.00,2071.00,1035,1036,0.00,0.00,0,0
1453695324,lo,2282.00,2282.00,4564.00,2282,2282,21.00,21.00,42.00,21,21,0.00,0.00,0,0
1453695324,s3-eth2,69135.00,6051356.00,6120491.00,6051356,69135,1036.00,1034.00,2070.00,1034,1036,0.00,0.00,0,0
1453695324,s3-eth1,6045825.00,68808.00,6114633.00,68808,6045825,1034.00,1035.00,2069.00,1035,1034,0.00,0.00,0,0
1453695324,total,18347912.00,18353770.00,36701680.00,18353770,18347912,6234.00,6235.00,12469.00,6235,6234,0.00,0.00,0,0
1453695325,s5,0.00,0.00,0.00,0,0,0.00,0.00,0.00,0,0,0.00,0.00,0,0
1453695325,s1,0.00,748.00,748.00,748,0,0.00,4.00,4.00,4,0,0.00,0.00,0,0
1453695325,eth0,60.00,60.00,120.00,60,60,1.00,1.00,2.00,1,1,0.00,0.00,0,0
1453695325,eth1,60.00,60.00,120.00,60,60,1.00,1.00,2.00,1,1,0.00,0.00,0,0
1453695325,s2,0.00,748.00,748.00,748,0,0.00,4.00,4.00,4,0,0.00,0.00,0,0
1453695325,s1-eth2,68420.00,6046204.00,6114624.00,6046204,68420,1033.00,1036.00,2069.00,1036,1033,0.00,0.00,0,0
1453695325,s1-eth1,6046578.00,68112.00,6114690.00,68112,6046578,1038.00,1032.00,2070.00,1032,1038,0.00,0.00,0,0
1453695325,s3,0.00,748.00,748.00,748,0,0.00,4.00,4.00,4,0,0.00,0.00,0,0
1453695325,s2-eth2,68860.00,6051688.00,6120548.00,6051688,68860,1036.00,1035.00,2071.00,1035,1036,0.00,0.00,0,0
1453695325,s2-eth1,6046204.00,68420.00,6114624.00,68420,6046204,1036.00,1033.00,2069.00,1033,1036,0.00,0.00,0,0
1453695325,lo,3786.00,3786.00,7572.00,3786,3786,36.00,36.00,72.00,36,36,0.00,0.00,0,0
1453695325,s3-eth2,69168.00,6045456.00,6114624.00,6045456,69168,1037.00,1032.00,2069.00,1032,1037,0.00,0.00,0,0
1453695325,s3-eth1,6051688.00,68860.00,6120548.00,68860,6051688,1035.00,1036.00,2071.00,1036,1035,0.00,0.00,0,0
1453695325,total,18354824.00,18354890.00,36709712.00,18354890,18354824,6253.00,6254.00,12507.00,6254,6253,0.00,0.00,0,0
1453695326,s5,0.00,0.00,0.00,0,0,0.00,0.00,0.00,0,0,0.00,0.00,0,0
1453695326,s1,0.00,794.00,794.00,794,0,0.00,4.00,4.00,4,0,0.00,0.00,0,0
1453695326,eth0,0.00,0.00,0.00,0,0,0.00,0.00,0.00,0,0,0.00,0.00,0,0
1453695326,eth1,0.00,0.00,0.00,0,0,0.00,0.00,0.00,0,0,0.00,0.00,0,0
1453695326,s2,0.00,794.00,794.00,794,0,0.00,4.00,4.00,4,0,0.00,0.00,0,0
1453695326,s1-eth2,68575.00,6046250.00,6114825.00,6046250,68575,1035.00,1036.00,2071.00,1036,1035,0.00,0.00,0,0
1453695326,s1-eth1,6046647.00,68112.00,6114759.00,68112,6046647,1038.00,1032.00,2070.00,1032,1038,0.00,0.00,0,0
1453695326,s3,0.00,1136.00,1136.00,1136,0,0.00,5.00,5.00,5,0,0.00,0.00,0,0
1453695326,s2-eth2,69248.00,6045853.00,6115101.00,6045853,69248,1037.00,1034.00,2071.00,1034,1037,0.00,0.00,0,0
1453695326,s2-eth1,6046250.00,68575.00,6114825.00,68575,6046250,1036.00,1035.00,2071.00,1035,1036,0.00,0.00,0,0
1453695326,lo,3890.00,3890.00,7780.00,3890,3890,39.00,39.00,78.00,39,39,0.00,0.00,0,0
1453695326,s3-eth2,69711.00,6051314.00,6121025.00,6051314,69711,1040.00,1033.00,2073.00,1033,1040,0.00,0.00,0,0
1453695326,s3-eth1,6045853.00,69248.00,6115101.00,69248,6045853,1034.00,1037.00,2071.00,1037,1034,0.00,0.00,0,0
1453695326,total,18350174.00,18355966.00,36706140.00,18355966,18350174,6259.00,6259.00,12518.00,6259,6259,0.00,0.00,0,0
1453695327,s5,0.00,0.00,0.00,0,0,0.00,0.00,0.00,0,0,0.00,0.00,0,0
1453695327,s1,0.00,342.00,342.00,342,0,0.00,1.00,1.00,1,0,0.00,0.00,0,0
1453695327,eth0,0.00,0.00,0.00,0,0,0.00,0.00,0.00,0,0,0.00,0.00,0,0
1453695327,eth1,0.00,0.00,0.00,0,0,0.00,0.00,0.00,0,0,0.00,0.00,0,0
1453695327,s2,0.00,0.00,0.00,0,0,0.00,0.00,0.00,0,0,0.00,0.00,0,0
1453695327,s1-eth2,68046.00,6051656.00,6119702.00,6051656,68046,1031.00,1034.00,2065.00,1034,1031,0.00,0.00,0,0
1453695327,s1-eth1,6046140.00,68046.00,6114186.00,68046,6046140,1034.00,1031.00,2065.00,1031,1034,0.00,0.00,0,0
1453695327,s3,0.00,0.00,0.00,0,0,0.00,0.00,0.00,0,0,0.00,0.00,0,0
1453695327,s2-eth2,68112.00,6045456.00,6113568.00,6045456,68112,1032.00,1032.00,2064.00,1032,1032,0.00,0.00,0,0
1453695327,s2-eth1,6051656.00,68046.00,6119702.00,68046,6051656,1034.00,1031.00,2065.00,1031,1034,0.00,0.00,0,0
1453695327,lo,498.00,498.00,996.00,498,498,6.00,6.00,12.00,6,6,0.00,0.00,0,0
1453695327,s3-eth2,68046.00,6045456.00,6113502.00,6045456,68046,1031.00,1032.00,2063.00,1032,1031,0.00,0.00,0,0
1453695327,s3-eth1,6045456.00,68112.00,6113568.00,68112,6045456,1032.00,1032.00,2064.00,1032,1032,0.00,0.00,0,0
1453695327,total,18347954.00,18347612.00,36695568.00,18347612,18347954,6200.00,6199.00,12399.00,6199,6200,0.00,0.00,0,0
1453695328,s5,0.00,0.00,0.00,0,0,0.00,0.00,0.00,0,0,0.00,0.00,0,0
1453695328,s1,0.00,0.00,0.00,0,0,0.00,0.00,0.00,0,0,0.00,0.00,0,0
1453695328,eth0,0.00,0.00,0.00,0,0,0.00,0.00,0.00,0,0,0.00,0.00,0,0
1453695328,eth1,0.00,0.00,0.00,0,0,0.00,0.00,0.00,0,0,0.00,0.00,0,0
1453695328,s2,0.00,0.00,0.00,0,0,0.00,0.00,0.00,0,0,0.00,0.00,0,0
1453695328,s1-eth2,68112.00,6045456.00,6113568.00,6045456,68112,1032.00,1032.00,2064.00,1032,1032,0.00,0.00,0,0
1453695328,s1-eth1,6045456.00,68178.00,6113634.00,68178,6045456,1032.00,1033.00,2065.00,1033,1032,0.00,0.00,0,0
1453695328,s3,0.00,0.00,0.00,0,0,0.00,0.00,0.00,0,0,0.00,0.00,0,0
1453695328,s2-eth2,68112.00,6045456.00,6113568.00,6045456,68112,1032.00,1032.00,2064.00,1032,1032,0.00,0.00,0,0
1453695328,s2-eth1,6045456.00,68178.00,6113634.00,68178,6045456,1032.00,1033.00,2065.00,1033,1032,0.00,0.00,0,0
1453695328,lo,0.00,0.00,0.00,0,0,0.00,0.00,0.00,0,0,0.00,0.00,0,0
1453695328,s3-eth2,68520.00,6045456.00,6113976.00,6045456,68520,1034.00,1032.00,2066.00,1032,1034,0.00,0.00,0,0
1453695328,s3-eth1,6045456.00,68112.00,6113568.00,68112,6045456,1032.00,1032.00,2064.00,1032,1032,0.00,0.00,0,0
1453695328,total,18341112.00,18340836.00,36681948.00,18340836,18341112,6194.00,6194.00,12388.00,6194,6194,0.00,0.00,0,0
1453695329,s5,0.00,0.00,0.00,0,0,0.00,0.00,0.00,0,0,0.00,0.00,0,0
1453695329,s1,0.00,556.00,556.00,556,0,0.00,3.00,3.00,3,0,0.00,0.00,0,0
1453695329,eth0,0.00,0.00,0.00,0,0,0.00,0.00,0.00,0,0,0.00,0.00,0,0
1453695329,eth1,0.00,0.00,0.00,0,0,0.00,0.00,0.00,0,0,0.00,0.00,0,0
1453695329,s2,0.00,556.00,556.00,556,0,0.00,3.00,3.00,3,0,0.00,0.00,0,0
1453695329,s1-eth2,68219.00,6051870.00,6120089.00,6051870,68219,1033.00,1036.00,2069.00,1036,1033,0.00,0.00,0,0
1453695329,s1-eth1,6046119.00,68112.00,6114231.00,68112,6046119,1036.00,1032.00,2068.00,1032,1036,0.00,0.00,0,0
1453695329,s3,0.00,214.00,214.00,214,0,0.00,2.00,2.00,2,0,0.00,0.00,0,0
1453695329,s2-eth2,68326.00,6051763.00,6120089.00,6051763,68326,1034.00,1035.00,2069.00,1035,1034,0.00,0.00,0,0
1453695329,s2-eth1,6051870.00,68153.00,6120023.00,68153,6051870,1036.00,1032.00,2068.00,1032,1036,0.00,0.00,0,0
1453695329,lo,2482.00,2482.00,4964.00,2482,2482,24.00,24.00,48.00,24,24,0.00,0.00,0,0
1453695329,s3-eth2,68367.00,6051314.00,6119681.00,6051314,68367,1034.00,1033.00,2067.00,1033,1034,0.00,0.00,0,0
1453695329,s3-eth1,6051763.00,68326.00,6120089.00,68326,6051763,1035.00,1034.00,2069.00,1034,1035,0.00,0.00,0,0
1453695329,total,18357146.00,18363346.00,36720492.00,18363346,18357146,6232.00,6234.00,12466.00,6234,6232,0.00,0.00,0,0
1453695330,s5,0.00,0.00,0.00,0,0,0.00,0.00,0.00,0,0,0.00,0.00,0,0
1453695330,s1,0.00,140.00,140.00,140,0,0.00,2.00,2.00,2,0,0.00,0.00,0,0
1453695330,eth0,0.00,0.00,0.00,0,0,0.00,0.00,0.00,0,0,0.00,0.00,0,0
1453695330,eth1,0.00,0.00,0.00,0,0,0.00,0.00,0.00,0,0,0.00,0.00,0,0
1453695330,s2,0.00,482.00,482.00,482,0,0.00,3.00,3.00,3,0,0.00,0.00,0,0
1453695330,s1-eth2,68524.00,6045596.00,6114120.00,6045596,68524,1034.00,1034.00,2068.00,1034,1034,0.00,0.00,0,0
1453695330,s1-eth1,6045666.00,68112.00,6113778.00,68112,6045666,1035.00,1032.00,2067.00,1032,1035,0.00,0.00,0,0
1453695330,s3,0.00,824.00,824.00,824,0,0.00,4.00,4.00,4,0,0.00,0.00,0,0
1453695330,s2-eth2,68936.00,6045526.00,6114462.00,6045526,68936,1036.00,1033.00,2069.00,1033,1036,0.00,0.00,0,0
1453695330,s2-eth1,6045596.00,68590.00,6114186.00,68590,6045596,1034.00,1035.00,2069.00,1035,1034,0.00,0.00,0,0
1453695330,lo,2586.00,2586.00,5172.00,2586,2586,27.00,27.00,54.00,27,27,0.00,0.00,0,0
1453695330,s3-eth2,69072.00,6051314.00,6120386.00,6051314,69072,1038.00,1033.00,2071.00,1033,1038,0.00,0.00,0,0
1453695330,s3-eth1,6045526.00,68936.00,6114462.00,68936,6045526,1033.00,1036.00,2069.00,1036,1033,0.00,0.00,0,0
1453695330,total,18345906.00,18352106.00,36698012.00,18352106,18345906,6237.00,6239.00,12476.00,6239,6237,0.00,0.00,0,0
1453695331,s5,0.00,0.00,0.00,0,0,0.00,0.00,0.00,0,0,0.00,0.00,0,0
1453695331,s1,0.00,0.00,0.00,0,0,0.00,0.00,0.00,0,0,0.00,0.00,0,0
1453695331,eth0,0.00,0.00,0.00,0,0,0.00,0.00,0.00,0,0,0.00,0.00,0,0
1453695331,eth1,0.00,0.00,0.00,0,0,0.00,0.00,0.00,0,0,0.00,0.00,0,0
1453695331,s2,0.00,0.00,0.00,0,0,0.00,0.00,0.00,0,0,0.00,0.00,0,0
1453695331,s1-eth2,68178.00,6051314.00,6119492.00,6051314,68178,1033.00,1033.00,2066.00,1033,1033,0.00,0.00,0,0
1453695331,s1-eth1,6051656.00,68178.00,6119834.00,68178,6051656,1034.00,1033.00,2067.00,1033,1034,0.00,0.00,0,0
1453695331,s3,0.00,0.00,0.00,0,0,0.00,0.00,0.00,0,0,0.00,0.00,0,0
1453695331,s2-eth2,68178.00,6051314.00,6119492.00,6051314,68178,1033.00,1033.00,2066.00,1033,1033,0.00,0.00,0,0
1453695331,s2-eth1,6051314.00,68112.00,6119426.00,68112,6051314,1033.00,1032.00,2065.00,1032,1033,0.00,0.00,0,0
1453695331,lo,0.00,0.00,0.00,0,0,0.00,0.00,0.00,0,0,0.00,0.00,0,0
1453695331,s3-eth2,68112.00,6045456.00,6113568.00,6045456,68112,1032.00,1032.00,2064.00,1032,1032,0.00,0.00,0,0
1453695331,s3-eth1,6051314.00,68178.00,6119492.00,68178,6051314,1033.00,1033.00,2066.00,1033,1033,0.00,0.00,0,0
1453695331,total,18358752.00,18352552.00,36711304.00,18352552,18358752,6198.00,6196.00,12394.00,6196,6198,0.00,0.00,0,0
1453695332,s5,0.00,0.00,0.00,0,0,0.00,0.00,0.00,0,0,0.00,0.00,0,0
1453695332,s1,0.00,0.00,0.00,0,0,0.00,0.00,0.00,0,0,0.00,0.00,0,0
1453695332,eth0,0.00,0.00,0.00,0,0,0.00,0.00,0.00,0,0,0.00,0.00,0,0
1453695332,eth1,0.00,0.00,0.00,0,0,0.00,0.00,0.00,0,0,0.00,0.00,0,0
1453695332,s2,0.00,0.00,0.00,0,0,0.00,0.00,0.00,0,0,0.00,0.00,0,0
1453695332,s1-eth2,68112.00,6045456.00,6113568.00,6045456,68112,1032.00,1032.00,2064.00,1032,1032,0.00,0.00,0,0
1453695332,s1-eth1,6045456.00,68112.00,6113568.00,68112,6045456,1032.00,1032.00,2064.00,1032,1032,0.00,0.00,0,0
1453695332,s3,0.00,342.00,342.00,342,0,0.00,1.00,1.00,1,0,0.00,0.00,0,0
1453695332,s2-eth2,68454.00,6045456.00,6113910.00,6045456,68454,1033.00,1032.00,2065.00,1032,1033,0.00,0.00,0,0
1453695332,s2-eth1,6045456.00,68178.00,6113634.00,68178,6045456,1032.00,1033.00,2065.00,1033,1032,0.00,0.00,0,0
1453695332,lo,498.00,498.00,996.00,498,498,6.00,6.00,12.00,6,6,0.00,0.00,0,0
1453695332,s3-eth2,68520.00,6051314.00,6119834.00,6051314,68520,1034.00,1033.00,2067.00,1033,1034,0.00,0.00,0,0
1453695332,s3-eth1,6045456.00,68454.00,6113910.00,68454,6045456,1032.00,1033.00,2065.00,1033,1032,0.00,0.00,0,0
1453695332,total,18341952.00,18347810.00,36689760.00,18347810,18341952,6201.00,6202.00,12403.00,6202,6201,0.00,0.00,0,0
1453695333,s5,0.00,0.00,0.00,0,0,0.00,0.00,0.00,0,0,0.00,0.00,0,0
1453695333,s1,0.00,0.00,0.00,0,0,0.00,0.00,0.00,0,0,0.00,0.00,0,0
1453695333,eth0,0.00,0.00,0.00,0,0,0.00,0.00,0.00,0,0,0.00,0.00,0,0
1453695333,eth1,0.00,0.00,0.00,0,0,0.00,0.00,0.00,0,0,0.00,0.00,0,0
1453695333,s2,0.00,0.00,0.00,0,0,0.00,0.00,0.00,0,0,0.00,0.00,0,0
1453695333,s1-eth2,68178.00,6051314.00,6119492.00,6051314,68178,1033.00,1033.00,2066.00,1033,1033,0.00,0.00,0,0
1453695333,s1-eth1,6051314.00,68112.00,6119426.00,68112,6051314,1033.00,1032.00,2065.00,1032,1033,0.00,0.00,0,0
1453695333,s3,0.00,0.00,0.00,0,0,0.00,0.00,0.00,0,0,0.00,0.00,0,0
1453695333,s2-eth2,68178.00,6051314.00,6119492.00,6051314,68178,1033.00,1033.00,2066.00,1033,1033,0.00,0.00,0,0
1453695333,s2-eth1,6051314.00,68112.00,6119426.00,68112,6051314,1033.00,1032.00,2065.00,1032,1033,0.00,0.00,0,0
1453695333,lo,0.00,0.00,0.00,0,0,0.00,0.00,0.00,0,0,0.00,0.00,0,0
1453695333,s3-eth2,68112.00,6045456.00,6113568.00,6045456,68112,1032.00,1032.00,2064.00,1032,1032,0.00,0.00,0,0
1453695333,s3-eth1,6051314.00,68178.00,6119492.00,68178,6051314,1033.00,1033.00,2066.00,1033,1033,0.00,0.00,0,0
1453695333,total,18358410.00,18352486.00,36710896.00,18352486,18358410,6197.00,6195.00,12392.00,6195,6197,0.00,0.00,0,0
1453695334,s5,0.00,0.00,0.00,0,0,0.00,0.00,0.00,0,0,0.00,0.00,0,0
1453695334,s1,0.00,0.00,0.00,0,0,0.00,0.00,0.00,0,0,0.00,0.00,0,0
1453695334,eth0,0.00,0.00,0.00,0,0,0.00,0.00,0.00,0,0,0.00,0.00,0,0
1453695334,eth1,0.00,0.00,0.00,0,0,0.00,0.00,0.00,0,0,0.00,0.00,0,0
1453695334,s2,0.00,0.00,0.00,0,0,0.00,0.00,0.00,0,0,0.00,0.00,0,0
1453695334,s1-eth2,21362.64,1675940.12,1697302.75,1677616,21384,323.68,287.71,611.39,288,324,0.00,0.00,0,0
1453695334,s1-eth1,1763722.38,20703.30,1784425.62,20724,1765486,302.70,313.69,616.38,314,303,0.00,0.00,0,0
1453695334,s3,0.00,0.00,0.00,0,0,0.00,0.00,0.00,0,0,0.00,0.00,0,0
1453695334,s2-eth2,22021.98,1599862.12,1621884.12,1601462,22044,333.67,274.73,608.39,275,334,0.00,0.00,0,0
1453695334,s2-eth1,1675940.12,21362.64,1697302.75,21384,1677616,287.71,323.68,611.39,324,288,0.00,0.00,0,0
1453695334,lo,0.00,0.00,0.00,0,0,0.00,0.00,0.00,0,0,0.00,0.00,0,0
1453695334,s3-eth2,22747.25,1517932.12,1540679.38,1519450,22770,344.66,260.74,605.39,261,345,0.00,0.00,0,0
1453695334,s3-eth1,1599862.12,22021.98,1621884.12,22044,1601462,274.73,333.67,608.39,334,275,0.00,0.00,0,0
1453695334,total,5105656.50,4857822.50,9963479.00,4862680,5110762,1867.13,1794.21,3661.34,1796,1869,0.00,0.00,0,0
1453695335,s5,0.00,0.00,0.00,0,0,0.00,0.00,0.00,0,0,0.00,0.00,0,0
1453695335,s1,0.00,0.00,0.00,0,0,0.00,0.00,0.00,0,0,0.00,0.00,0,0
1453695335,eth0,0.00,0.00,0.00,0,0,0.00,0.00,0.00,0,0,0.00,0.00,0,0
1453695335,eth1,0.00,0.00,0.00,0,0,0.00,0.00,0.00,0,0,0.00,0.00,0,0
1453695335,s2,0.00,0.00,0.00,0,0,0.00,0.00,0.00,0,0,0.00,0.00,0,0
1453695335,s1-eth2,0.00,0.00,0.00,0,0,0.00,0.00,0.00,0,0,0.00,0.00,0,0
1453695335,s1-eth1,342.00,0.00,342.00,0,342,1.00,0.00,1.00,0,1,0.00,0.00,0,0
1453695335,s3,0.00,0.00,0.00,0,0,0.00,0.00,0.00,0,0,0.00,0.00,0,0
1453695335,s2-eth2,0.00,0.00,0.00,0,0,0.00,0.00,0.00,0,0,0.00,0.00,0,0
1453695335,s2-eth1,0.00,0.00,0.00,0,0,0.00,0.00,0.00,0,0,0.00,0.00,0,0
1453695335,lo,344.00,344.00,688.00,344,344,6.00,6.00,12.00,6,6,0.00,0.00,0,0
1453695335,s3-eth2,0.00,0.00,0.00,0,0,0.00,0.00,0.00,0,0,0.00,0.00,0,0
1453695335,s3-eth1,0.00,0.00,0.00,0,0,0.00,0.00,0.00,0,0,0.00,0.00,0,0
1453695335,total,686.00,344.00,1030.00,344,686,7.00,6.00,13.00,6,7,0.00,0.00,0,0
1453695336,s5,0.00,0.00,0.00,0,0,0.00,0.00,0.00,0,0,0.00,0.00,0,0
1453695336,s1,0.00,342.00,342.00,342,0,0.00,1.00,1.00,1,0,0.00,0.00,0,0
1453695336,eth0,0.00,0.00,0.00,0,0,0.00,0.00,0.00,0,0,0.00,0.00,0,0
1453695336,eth1,0.00,0.00,0.00,0,0,0.00,0.00,0.00,0,0,0.00,0.00,0,0
1453695336,s2,0.00,0.00,0.00,0,0,0.00,0.00,0.00,0,0,0.00,0.00,0,0
1453695336,s1-eth2,0.00,342.00,342.00,342,0,0.00,1.00,1.00,1,0,0.00,0.00,0,0
1453695336,s1-eth1,342.00,0.00,342.00,0,342,1.00,0.00,1.00,0,1,0.00,0.00,0,0
1453695336,s3,0.00,0.00,0.00,0,0,0.00,0.00,0.00,0,0,0.00,0.00,0,0
1453695336,s2-eth2,0.00,0.00,0.00,0,0,0.00,0.00,0.00,0,0,0.00,0.00,0,0
1453695336,s2-eth1,342.00,0.00,342.00,0,342,1.00,0.00,1.00,0,1,0.00,0.00,0,0
1453695336,lo,326.00,326.00,652.00,326,326,3.00,3.00,6.00,3,3,0.00,0.00,0,0
1453695336,s3-eth2,0.00,0.00,0.00,0,0,0.00,0.00,0.00,0,0,0.00,0.00,0,0
1453695336,s3-eth1,0.00,0.00,0.00,0,0,0.00,0.00,0.00,0,0,0.00,0.00,0,0
1453695336,total,1010.00,1010.00,2020.00,1010,1010,5.00,5.00,10.00,5,5,0.00,0.00,0,0
1453695337,s5,0.00,0.00,0.00,0,0,0.00,0.00,0.00,0,0,0.00,0.00,0,0
1453695337,s1,0.00,214.00,214.00,214,0,0.00,2.00,2.00,2,0,0.00,0.00,0,0
1453695337,eth0,0.00,0.00,0.00,0,0,0.00,0.00,0.00,0,0,0.00,0.00,0,0
1453695337,eth1,0.00,0.00,0.00,0,0,0.00,0.00,0.00,0,0,0.00,0.00,0,0
1453695337,s2,0.00,214.00,214.00,214,0,0.00,2.00,2.00,2,0,0.00,0.00,0,0
1453695337,s1-eth2,107.00,214.00,321.00,214,107,1.00,2.00,3.00,2,1,0.00,0.00,0,0
1453695337,s1-eth1,321.00,0.00,321.00,0,321,3.00,0.00,3.00,0,3,0.00,0.00,0,0
1453695337,s3,0.00,214.00,214.00,214,0,0.00,2.00,2.00,2,0,0.00,0.00,0,0
1453695337,s2-eth2,214.00,107.00,321.00,107,214,2.00,1.00,3.00,1,2,0.00,0.00,0,0
1453695337,s2-eth1,214.00,107.00,321.00,107,214,2.00,1.00,3.00,1,2,0.00,0.00,0,0
1453695337,lo,2002.00,2002.00,4004.00,2002,2002,21.00,21.00,42.00,21,21,0.00,0.00,0,0
1453695337,s3-eth2,321.00,0.00,321.00,0,321,3.00,0.00,3.00,0,3,0.00,0.00,0,0
1453695337,s3-eth1,107.00,214.00,321.00,214,107,1.00,2.00,3.00,2,1,0.00,0.00,0,0
1453695337,total,3286.00,3286.00,6572.00,3286,3286,33.00,33.00,66.00,33,33,0.00,0.00,0,0
1453695338,s5,0.00,0.00,0.00,0,0,0.00,0.00,0.00,0,0,0.00,0.00,0,0
1453695338,s1,0.00,342.00,342.00,342,0,0.00,1.00,1.00,1,0,0.00,0.00,0,0
1453695338,eth0,0.00,0.00,0.00,0,0,0.00,0.00,0.00,0,0,0.00,0.00,0,0
1453695338,eth1,0.00,0.00,0.00,0,0,0.00,0.00,0.00,0,0,0.00,0.00,0,0
1453695338,s2,0.00,342.00,342.00,342,0,0.00,1.00,1.00,1,0,0.00,0.00,0,0
1453695338,s1-eth2,0.00,342.00,342.00,342,0,0.00,1.00,1.00,1,0,0.00,0.00,0,0
1453695338,s1-eth1,0.00,0.00,0.00,0,0,0.00,0.00,0.00,0,0,0.00,0.00,0,0
1453695338,s3,0.00,0.00,0.00,0,0,0.00,0.00,0.00,0,0,0.00,0.00,0,0
1453695338,s2-eth2,0.00,342.00,342.00,342,0,0.00,1.00,1.00,1,0,0.00,0.00,0,0
1453695338,s2-eth1,342.00,0.00,342.00,0,342,1.00,0.00,1.00,0,1,0.00,0.00,0,0
1453695338,lo,652.00,652.00,1304.00,652,652,6.00,6.00,12.00,6,6,0.00,0.00,0,0
1453695338,s3-eth2,342.00,0.00,342.00,0,342,1.00,0.00,1.00,0,1,0.00,0.00,0,0
1453695338,s3-eth1,342.00,0.00,342.00,0,342,1.00,0.00,1.00,0,1,0.00,0.00,0,0
1453695338,total,1678.00,2020.00,3698.00,2020,1678,9.00,10.00,19.00,10,9,0.00,0.00,0,0
1453695339,s5,0.00,0.00,0.00,0,0,0.00,0.00,0.00,0,0,0.00,0.00,0,0
1453695339,s1,0.00,0.00,0.00,0,0,0.00,0.00,0.00,0,0,0.00,0.00,0,0
1453695339,eth0,0.00,0.00,0.00,0,0,0.00,0.00,0.00,0,0,0.00,0.00,0,0
1453695339,eth1,0.00,0.00,0.00,0,0,0.00,0.00,0.00,0,0,0.00,0.00,0,0
1453695339,s2,0.00,0.00,0.00,0,0,0.00,0.00,0.00,0,0,0.00,0.00,0,0
1453695339,s1-eth2,0.00,0.00,0.00,0,0,0.00,0.00,0.00,0,0,0.00,0.00,0,0
1453695339,s1-eth1,342.00,0.00,342.00,0,342,1.00,0.00,1.00,0,1,0.00,0.00,0,0
1453695339,s3,0.00,342.00,342.00,342,0,0.00,1.00,1.00,1,0,0.00,0.00,0,0
1453695339,s2-eth2,342.00,0.00,342.00,0,342,1.00,0.00,1.00,0,1,0.00,0.00,0,0
1453695339,s2-eth1,0.00,0.00,0.00,0,0,0.00,0.00,0.00,0,0,0.00,0.00,0,0
1453695339,lo,326.00,326.00,652.00,326,326,3.00,3.00,6.00,3,3,0.00,0.00,0,0
1453695339,s3-eth2,342.00,0.00,342.00,0,342,1.00,0.00,1.00,0,1,0.00,0.00,0,0
1453695339,s3-eth1,0.00,342.00,342.00,342,0,0.00,1.00,1.00,1,0,0.00,0.00,0,0
1453695339,total,1352.00,1010.00,2362.00,1010,1352,6.00,5.00,11.00,5,6,0.00,0.00,0,0
1453695340,s5,0.00,0.00,0.00,0,0,0.00,0.00,0.00,0,0,0.00,0.00,0,0
1453695340,s1,0.00,0.00,0.00,0,0,0.00,0.00,0.00,0,0,0.00,0.00,0,0
1453695340,eth0,0.00,0.00,0.00,0,0,0.00,0.00,0.00,0,0,0.00,0.00,0,0
1453695340,eth1,0.00,0.00,0.00,0,0,0.00,0.00,0.00,0,0,0.00,0.00,0,0
1453695340,s2,0.00,0.00,0.00,0,0,0.00,0.00,0.00,0,0,0.00,0.00,0,0
1453695340,s1-eth2,0.00,0.00,0.00,0,0,0.00,0.00,0.00,0,0,0.00,0.00,0,0
1453695340,s1-eth1,0.00,0.00,0.00,0,0,0.00,0.00,0.00,0,0,0.00,0.00,0,0
1453695340,s3,0.00,0.00,0.00,0,0,0.00,0.00,0.00,0,0,0.00,0.00,0,0
1453695340,s2-eth2,0.00,0.00,0.00,0,0,0.00,0.00,0.00,0,0,0.00,0.00,0,0
1453695340,s2-eth1,0.00,0.00,0.00,0,0,0.00,0.00,0.00,0,0,0.00,0.00,0,0
1453695340,lo,0.00,0.00,0.00,0,0,0.00,0.00,0.00,0,0,0.00,0.00,0,0
1453695340,s3-eth2,0.00,0.00,0.00,0,0,0.00,0.00,0.00,0,0,0.00,0.00,0,0
1453695340,s3-eth1,0.00,0.00,0.00,0,0,0.00,0.00,0.00,0,0,0.00,0.00,0,0
1453695340,total,0.00,0.00,0.00,0,0,0.00,0.00,0.00,0,0,0.00,0.00,0,0
1453695341,s5,0.00,0.00,0.00,0,0,0.00,0.00,0.00,0,0,0.00,0.00,0,0
1453695341,s1,0.00,0.00,0.00,0,0,0.00,0.00,0.00,0,0,0.00,0.00,0,0
1453695341,eth0,0.00,0.00,0.00,0,0,0.00,0.00,0.00,0,0,0.00,0.00,0,0
1453695341,eth1,0.00,0.00,0.00,0,0,0.00,0.00,0.00,0,0,0.00,0.00,0,0
1453695341,s2,0.00,0.00,0.00,0,0,0.00,0.00,0.00,0,0,0.00,0.00,0,0
1453695341,s1-eth2,0.00,0.00,0.00,0,0,0.00,0.00,0.00,0,0,0.00,0.00,0,0
1453695341,s1-eth1,0.00,0.00,0.00,0,0,0.00,0.00,0.00,0,0,0.00,0.00,0,0
1453695341,s3,0.00,0.00,0.00,0,0,0.00,0.00,0.00,0,0,0.00,0.00,0,0
1453695341,s2-eth2,0.00,0.00,0.00,0,0,0.00,0.00,0.00,0,0,0.00,0.00,0,0
1453695341,s2-eth1,0.00,0.00,0.00,0,0,0.00,0.00,0.00,0,0,0.00,0.00,0,0
1453695341,lo,0.00,0.00,0.00,0,0,0.00,0.00,0.00,0,0,0.00,0.00,0,0
1453695341,s3-eth2,0.00,0.00,0.00,0,0,0.00,0.00,0.00,0,0,0.00,0.00,0,0
1453695341,s3-eth1,0.00,0.00,0.00,0,0,0.00,0.00,0.00,0,0,0.00,0.00,0,0
1453695341,total,0.00,0.00,0.00,0,0,0.00,0.00,