1453689058,s5,0.00,0.00,0.00,0,0,0.00,0.00,0.00,0,0,0.00,0.00,0,0
1453689058,s1,0.00,0.00,0.00,0,0,0.00,0.00,0.00,0,0,0.00,0.00,0,0
1453689058,eth0,0.00,0.00,0.00,0,0,0.00,0.00,0.00,0,0,0.00,0.00,0,0
1453689058,eth1,0.00,0.00,0.00,0,0,0.00,0.00,0.00,0,0,0.00,0.00,0,0
1453689058,s2,0.00,0.00,0.00,0,0,0.00,0.00,0.00,0,0,0.00,0.00,0,0
1453689058,s1-eth2,0.00,0.00,0.00,0,0,0.00,0.00,0.00,0,0,0.00,0.00,0,0
1453689058,s1-eth1,0.00,0.00,0.00,0,0,0.00,0.00,0.00,0,0,0.00,0.00,0,0
1453689058,s3,0.00,0.00,0.00,0,0,0.00,0.00,0.00,0,0,0.00,0.00,0,0
1453689058,s2-eth2,0.00,0.00,0.00,0,0,0.00,0.00,0.00,0,0,0.00,0.00,0,0
1453689058,s2-eth1,0.00,0.00,0.00,0,0,0.00,0.00,0.00,0,0,0.00,0.00,0,0
1453689058,lo,0.00,0.00,0.00,0,0,0.00,0.00,0.00,0,0,0.00,0.00,0,0
1453689058,s4,0.00,0.00,0.00,0,0,0.00,0.00,0.00,0,0,0.00,0.00,0,0
1453689058,s3-eth2,0.00,0.00,0.00,0,0,0.00,0.00,0.00,0,0,0.00,0.00,0,0
1453689058,s3-eth1,0.00,0.00,0.00,0,0,0.00,0.00,0.00,0,0,0.00,0.00,0,0
1453689058,total,0.00,0.00,0.00,0,0,0.00,0.00,0.00,0,0,0.00,0.00,0,0
1453689059,s5,0.00,0.00,0.00,0,0,0.00,0.00,0.00,0,0,0.00,0.00,0,0
1453689059,s1,250.00,3852.00,4102.00,3852,250,3.00,18.00,21.00,18,3,0.00,0.00,0,0
1453689059,eth0,0.00,0.00,0.00,0,0,0.00,0.00,0.00,0,0,0.00,0.00,0,0
1453689059,eth1,0.00,0.00,0.00,0,0,0.00,0.00,0.00,0,0,0.00,0.00,0,0
1453689059,s2,250.00,3852.00,4102.00,3852,250,3.00,18.00,21.00,18,3,0.00,0.00,0,0
1453689059,s1-eth2,63948.00,5877710.00,5941658.00,5877710,63948,948.00,995.00,1943.00,995,948,0.00,0.00,0,0
1453689059,s1-eth1,5879113.00,61776.00,5940889.00,61776,5879113,1003.00,936.00,1939.00,936,1003,0.00,0.00,0,0
1453689059,s3,0.00,3582.00,3582.00,3582,0,0.00,20.00,20.00,20,0,0.00,0.00,0,0
1453689059,s2-eth2,65358.00,5875604.00,5940962.00,5875604,65358,956.00,984.00,1940.00,984,956,0.00,0.00,0,0
1453689059,s2-eth1,5877710.00,63948.00,5941658.00,63948,5877710,995.00,948.00,1943.00,948,995,0.00,0.00,0,0
1453689059,lo,18442.00,18442.00,36884.00,18442,18442,176.00,176.00,352.00,176,176,0.00,0.00,0,0
1453689059,s4,0.00,0.00,0.00,0,0,0.00,0.00,0.00,0,0,0.00,0.00,0,0
1453689059,s3-eth2,66654.00,5885574.00,5952228.00,5885574,66654,963.00,979.00,1942.00,979,963,0.00,0.00,0,0
1453689059,s3-eth1,5875604.00,65358.00,5940962.00,65358,5875604,984.00,956.00,1940.00,956,984,0.00,0.00,0,0
1453689059,total,17847328.00,17859698.00,35707028.00,17859698,17847329,6031.00,6030.00,12061.00,6030,6031,0.00,0.00,0,0
1453689060,s5,0.00,0.00,0.00,0,0,0.00,0.00,0.00,0,0,0.00,0.00,0,0
1453689060,s1,0.00,1432.00,1432.00,1432,0,0.00,6.00,6.00,6,0,0.00,0.00,0,0
1453689060,eth0,0.00,288.00,288.00,288,0,0.00,1.00,1.00,1,0,0.00,0.00,0,0
1453689060,eth1,0.00,288.00,288.00,288,0,0.00,1.00,1.00,1,0,0.00,0.00,0,0
1453689060,s2,0.00,1325.00,1325.00,1325,0,0.00,5.00,5.00,5,0,0.00,0.00,0,0
1453689060,s1-eth2,71864.00,6052316.00,6124180.00,6052316,71864,1081.00,1208.00,2289.00,1208,1081,0.00,0.00,0,0
1453689060,s1-eth1,6052379.00,71148.00,6123527.00,71148,6052379,1205.00,1078.00,2283.00,1078,1205,0.00,0.00,0,0
1453689060,s3,0.00,1385.00,1385.00,1385,0,0.00,5.00,5.00,5,0,0.00,0.00,0,0
1453689060,s2-eth2,72533.00,6051757.00,6124290.00,6051757,72533,1083.00,1208.00,2291.00,1208,1083,0.00,0.00,0,0
1453689060,s2-eth1,6052316.00,71864.00,6124180.00,71864,6052316,1208.00,1081.00,2289.00,1081,1208,0.00,0.00,0,0
1453689060,lo,5132.00,5132.00,10264.00,5132,5132,48.00,48.00,96.00,48,48,0.00,0.00,0,0
1453689060,s4,0.00,0.00,0.00,0,0,0.00,0.00,0.00,0,0,0.00,0.00,0,0
1453689060,s3-eth2,73202.00,6051346.00,6124548.00,6051346,73202,1085.00,1209.00,2294.00,1209,1085,0.00,0.00,0,0
1453689060,s3-eth1,6051757.00,72533.00,6124290.00,72533,6051757,1208.00,1083.00,2291.00,1083,1208,0.00,0.00,0,0
1453689060,total,18379184.00,18380814.00,36759996.00,18380814,18379183,6918.00,6933.00,13851.00,6933,6918,0.00,0.00,0,0
1453689061,s5,0.00,0.00,0.00,0,0,0.00,0.00,0.00,0,0,0.00,0.00,0,0
1453689061,s1,0.00,654.00,654.00,654,0,0.00,2.00,2.00,2,0,0.00,0.00,0,0
1453689061,eth0,0.00,0.00,0.00,0,0,0.00,0.00,0.00,0,0,0.00,0.00,0,0
1453689061,eth1,0.00,0.00,0.00,0,0,0.00,0.00,0.00,0,0,0.00,0.00,0,0
1453689061,s2,0.00,761.00,761.00,761,0,0.00,3.00,3.00,3,0,0.00,0.00,0,0
1453689061,s1-eth2,78537.00,6054108.00,6132645.00,6054108,78537,1186.00,1221.00,2407.00,1221,1186,0.00,0.00,0,0
1453689061,s1-eth1,6054746.00,78276.00,6133022.00,78276,6054746,1227.00,1186.00,2413.00,1186,1227,0.00,0.00,0,0
1453689061,s3,0.00,434.00,434.00,434,0,0.00,2.00,2.00,2,0,0.00,0.00,0,0
1453689061,s2-eth2,78710.00,6053624.00,6132334.00,6053624,78710,1188.00,1217.00,2405.00,1217,1188,0.00,0.00,0,0
1453689061,s2-eth1,6054108.00,78537.00,6132645.00,78537,6054108,1221.00,1186.00,2407.00,1186,1221,0.00,0.00,0,0
1453689061,lo,2240.00,2240.00,4480.00,2240,2240,21.00,21.00,42.00,21,21,0.00,0.00,0,0
1453689061,s4,0.00,0.00,0.00,0,0,0.00,0.00,0.00,0,0,0.00,0.00,0,0
1453689061,s3-eth2,78751.00,6052992.00,6131743.00,6052992,78751,1188.00,1212.00,2400.00,1212,1188,0.00,0.00,0,0
1453689061,s3-eth1,6053624.00,78710.00,6132334.00,78710,6053624,1217.00,1188.00,2405.00,1188,1217,0.00,0.00,0,0
1453689061,total,18400716.00,18400336.00,36801052.00,18400336,18400716,7248.00,7238.00,14486.00,7238,7248,0.00,0.00,0,0
1453689062,s5,0.00,0.00,0.00,0,0,0.00,0.00,0.00,0,0,0.00,0.00,0,0
1453689062,s1,0.00,1098.00,1098.00,1098,0,0.00,9.00,9.00,9,0,0.00,0.00,0,0
1453689062,eth0,60.00,60.00,120.00,60,60,1.00,1.00,2.00,1,1,0.00,0.00,0,0
1453689062,eth1,60.00,60.00,120.00,60,60,1.00,1.00,2.00,1,1,0.00,0.00,0,0
1453689062,s2,0.00,991.00,991.00,991,0,0.00,8.00,8.00,8,0,0.00,0.00,0,0
1453689062,s1-eth2,68626.00,6046484.00,6115110.00,6046484,68626,1036.00,1040.00,2076.00,1040,1036,0.00,0.00,0,0
1453689062,s1-eth1,6046881.00,68182.00,6115063.00,68182,6046881,1042.00,1033.00,2075.00,1033,1042,0.00,0.00,0,0
1453689062,s3,70.00,1178.00,1248.00,1178,70,1.00,7.00,8.00,7,1,0.00,0.00,0,0
1453689062,s2-eth2,69220.00,6045933.00,6115153.00,6045933,69220,1038.00,1036.00,2074.00,1036,1038,0.00,0.00,0,0
1453689062,s2-eth1,6046484.00,68626.00,6115110.00,68626,6046484,1040.00,1036.00,2076.00,1036,1040,0.00,0.00,0,0
1453689062,lo,7598.00,7598.00,15196.00,7598,7598,81.00,81.00,162.00,81,81,0.00,0.00,0,0
1453689062,s4,0.00,0.00,0.00,0,0,0.00,0.00,0.00,0,0,0.00,0.00,0,0
1453689062,s3-eth2,69954.00,6051384.00,6121338.00,6051384,69954,1042.00,1034.00,2076.00,1034,1042,0.00,0.00,0,0
1453689062,s3-eth1,6045933.00,69220.00,6115153.00,69220,6045933,1036.00,1038.00,2074.00,1038,1036,0.00,0.00,0,0
1453689062,total,18354886.00,18360814.00,36715700.00,18360814,18354886,6318.00,6324.00,12642.00,6324,6318,0.00,0.00,0,0
1453689063,s5,0.00,0.00,0.00,0,0,0.00,0.00,0.00,0,0,0.00,0.00,0,0
1453689063,s1,70.00,724.00,794.00,724,70,1.00,3.00,4.00,3,1,0.00,0.00,0,0
1453689063,eth0,304.00,790.00,1094.00,790,304,4.00,4.00,8.00,4,4,0.00,0.00,0,0
1453689063,eth1,76.00,0.00,76.00,0,76,1.00,0.00,1.00,0,1,0.00,0.00,0,0
1453689063,s2,70.00,724.00,794.00,724,70,1.00,3.00,4.00,3,1,0.00,0.00,0,0
1453689063,s1-eth2,68509.00,6046180.00,6114689.00,6046180,68509,1034.00,1035.00,2069.00,1035,1034,0.00,0.00,0,0
1453689063,s1-eth1,6046250.00,68046.00,6114296.00,68046,6046250,1036.00,1031.00,2067.00,1031,1036,0.00,0.00,0,0
1453689063,s3,0.00,537.00,537.00,537,0,0.00,4.00,4.00,4,0,0.00,0.00,0,0
1453689063,s2-eth2,68583.00,6045783.00,6114366.00,6045783,68583,1035.00,1033.00,2068.00,1033,1035,0.00,0.00,0,0
1453689063,s2-eth1,6046180.00,68509.00,6114689.00,68509,6046180,1035.00,1034.00,2069.00,1034,1035,0.00,0.00,0,0
1453689063,lo,4488.00,4488.00,8976.00,4488,4488,44.00,44.00,88.00,44,44,0.00,0.00,0,0
1453689063,s4,0.00,0.00,0.00,0,0,0.00,0.00,0.00,0,0,0.00,0.00,0,0
1453689063,s3-eth2,68649.00,6045456.00,6114105.00,6045456,68649,1036.00,1032.00,2068.00,1032,1036,0.00,0.00,0,0
1453689063,s3-eth1,6045783.00,68583.00,6114366.00,68583,6045783,1033.00,1035.00,2068.00,1035,1033,0.00,0.00,0,0
1453689063,total,18348962.00,18349820.00,36698784.00,18349820,18348962,6260.00,6258.00,12518.00,6258,6260,0.00,0.00,0,0
1453689064,s5,0.00,0.00,0.00,0,0,0.00,0.00,0.00,0,0,0.00,0.00,0,0
1453689064,s1,0.00,0.00,0.00,0,0,0.00,0.00,0.00,0,0,0.00,0.00,0,0
1453689064,eth0,0.00,0.00,0.00,0,0,0.00,0.00,0.00,0,0,0.00,0.00,0,0
1453689064,eth1,0.00,0.00,0.00,0,0,0.00,0.00,0.00,0,0,0.00,0.00,0,0
1453689064,s2,0.00,0.00,0.00,0,0,0.00,0.00,0.00,0,0,0.00,0.00,0,0
1453689064,s1-eth2,68112.00,6045456.00,6113568.00,6045456,68112,1032.00,1032.00,2064.00,1032,1032,0.00,0.00,0,0
1453689064,s1-eth1,6045798.00,68112.00,6113910.00,68112,6045798,1033.00,1032.00,2065.00,1032,1033,0.00,0.00,0,0
1453689064,s3,0.00,0.00,0.00,0,0,0.00,0.00,0.00,0,0,0.00,0.00,0,0
1453689064,s2-eth2,68112.00,6045456.00,6113568.00,6045456,68112,1032.00,1032.00,2064.00,1032,1032,0.00,0.00,0,0
1453689064,s2-eth1,6045456.00,68112.00,6113568.00,68112,6045456,1032.00,1032.00,2064.00,1032,1032,0.00,0.00,0,0
1453689064,lo,0.00,0.00,0.00,0,0,0.00,0.00,0.00,0,0,0.00,0.00,0,0
1453689064,s4,0.00,0.00,0.00,0,0,0.00,0.00,0.00,0,0,0.00,0.00,0,0
1453689064,s3-eth2,68112.00,6045456.00,6113568.00,6045456,68112,1032.00,1032.00,2064.00,1032,1032,0.00,0.00,0,0
1453689064,s3-eth1,6045456.00,68112.00,6113568.00,68112,6045456,1032.00,1032.00,2064.00,1032,1032,0.00,0.00,0,0
1453689064,total,18341046.00,18340704.00,36681752.00,18340704,18341046,6193.00,6192.00,12385.00,6192,6193,0.00,0.00,0,0
1453689065,s5,0.00,0.00,0.00,0,0,0.00,0.00,0.00,0,0,0.00,0.00,0,0
1453689065,s1,0.00,0.00,0.00,0,0,0.00,0.00,0.00,0,0,0.00,0.00,0,0
1453689065,eth0,0.00,0.00,0.00,0,0,0.00,0.00,0.00,0,0,0.00,0.00,0,0
1453689065,eth1,0.00,0.00,0.00,0,0,0.00,0.00,0.00,0,0,0.00,0.00,0,0
1453689065,s2,0.00,449.00,449.00,449,0,0.00,2.00,2.00,2,0,0.00,0.00,0,0
1453689065,s1-eth2,68454.00,6045456.00,6113910.00,6045456,68454,1033.00,1032.00,2065.00,1032,1033,0.00,0.00,0,0
1453689065,s1-eth1,6045563.00,68112.00,6113675.00,68112,6045563,1033.00,1032.00,2065.00,1032,1033,0.00,0.00,0,0
1453689065,s3,0.00,449.00,449.00,449,0,0.00,2.00,2.00,2,0,0.00,0.00,0,0
1453689065,s2-eth2,68561.00,6045563.00,6114124.00,6045563,68561,1034.00,1033.00,2067.00,1033,1034,0.00,0.00,0,0
1453689065,s2-eth1,6045456.00,68454.00,6113910.00,68454,6045456,1032.00,1033.00,2065.00,1033,1032,0.00,0.00,0,0
1453689065,lo,1262.00,1262.00,2524.00,1262,1262,12.00,12.00,24.00,12,12,0.00,0.00,0,0
1453689065,s4,0.00,0.00,0.00,0,0,0.00,0.00,0.00,0,0,0.00,0.00,0,0
1453689065,s3-eth2,68668.00,6045456.00,6114124.00,6045456,68668,1035.00,1032.00,2067.00,1032,1035,0.00,0.00,0,0
1453689065,s3-eth1,6045563.00,68561.00,6114124.00,68561,6045563,1033.00,1034.00,2067.00,1034,1033,0.00,0.00,0,0
1453689065,total,18343528.00,18343762.00,36687288.00,18343762,18343527,6212.00,6212.00,12424.00,6212,6212,0.00,0.00,0,0
1453689066,s5,0.00,0.00,0.00,0,0,0.00,0.00,0.00,0,0,0.00,0.00,0,0
1453689066,s1,0.00,1248.00,1248.00,1248,0,0.00,9.00,9.00,9,0,0.00,0.00,0,0
1453689066,eth0,0.00,0.00,0.00,0,0,0.00,0.00,0.00,0,0,0.00,0.00,0,0
1453689066,eth1,0.00,0.00,0.00,0,0,0.00,0.00,0.00,0,0,0.00,0.00,0,0
1453689066,s2,0.00,799.00,799.00,799,0,0.00,7.00,7.00,7,0,0.00,0.00,0,0
1453689066,s1-eth2,68359.00,6046634.00,6114993.00,6046634,68359,1035.00,1040.00,2075.00,1040,1035,0.00,0.00,0,0
1453689066,s1-eth1,6046704.00,68182.00,6114886.00,68182,6046704,1041.00,1033.00,2074.00,1033,1041,0.00,0.00,0,0
1453689066,s3,70.00,317.00,387.00,317,70,1.00,4.00,5.00,4,1,0.00,0.00,0,0
1453689066,s2-eth2,68359.00,6046008.00,6114367.00,6046008,68359,1035.00,1036.00,2071.00,1036,1035,0.00,0.00,0,0
1453689066,s2-eth1,6046634.00,68359.00,6114993.00,68359,6046634,1040.00,1035.00,2075.00,1035,1040,0.00,0.00,0,0
1453689066,lo,5898.00,5898.00,11796.00,5898,5898,62.00,62.00,124.00,62,62,0.00,0.00,0,0
1453689066,s4,0.00,0.00,0.00,0,0,0.00,0.00,0.00,0,0,0.00,0.00,0,0
1453689066,s3-eth2,68499.00,6045526.00,6114025.00,6045526,68499,1037.00,1033.00,2070.00,1033,1037,0.00,0.00,0,0
1453689066,s3-eth1,6046008.00,68359.00,6114367.00,68359,6046008,1036.00,1035.00,2071.00,1035,1036,0.00,0.00,0,0
1453689066,total,18350532.00,18351330.00,36701860.00,18351330,18350531,6287.00,6294.00,12581.00,6294,6287,0.00,0.00,0,0
1453689067,s5,0.00,0.00,0.00,0,0,0.00,0.00,0.00,0,0,0.00,0.00,0,0
1453689067,s1,70.00,70.00,140.00,70,70,1.00,1.00,2.00,1,1,0.00,0.00,0,0
1453689067,eth0,0.00,0.00,0.00,0,0,0.00,0.00,0.00,0,0,0.00,0.00,0,0
1453689067,eth1,0.00,0.00,0.00,0,0,0.00,0.00,0.00,0,0,0.00,0.00,0,0
1453689067,s2,70.00,70.00,140.00,70,70,1.00,1.00,2.00,1,1,0.00,0.00,0,0
1453689067,s1-eth2,68116.00,6039668.00,6107784.00,6039668,68116,1032.00,1032.00,2064.00,1032,1032,0.00,0.00,0,0
1453689067,s1-eth1,6045596.00,68112.00,6113708.00,68112,6045596,1034.00,1032.00,2066.00,1032,1034,0.00,0.00,0,0
1453689067,s3,0.00,552.00,552.00,552,0,0.00,4.00,4.00,4,0,0.00,0.00,0,0
1453689067,s2-eth2,68664.00,6045456.00,6114120.00,6045456,68664,1036.00,1032.00,2068.00,1032,1036,0.00,0.00,0,0
1453689067,s2-eth1,6045526.00,68182.00,6113708.00,68182,6045526,1033.00,1033.00,2066.00,1033,1033,0.00,0.00,0,0
1453689067,lo,2546.00,2546.00,5092.00,2546,2546,30.00,30.00,60.00,30,30,0.00,0.00,0,0
1453689067,s4,0.00,0.00,0.00,0,0,0.00,0.00,0.00,0,0,0.00,0.00,0,0
1453689067,s3-eth2,68664.00,6045456.00,6114120.00,6045456,68664,1036.00,1032.00,2068.00,1032,1036,0.00,0.00,0,0
1453689067,s3-eth1,6045456.00,68664.00,6114120.00,68664,6045456,1032.00,1036.00,2068.00,1036,1032,0.00,0.00,0,0
1453689067,total,18344708.00,18338776.00,36683484.00,18338776,18344708,6235.00,6233.00,12468.00,6233,6235,0.00,0.00,0,0
1453689068,s5,0.00,0.00,0.00,0,0,0.00,0.00,0.00,0,0,0.00,0.00,0,0
1453689068,s1,0.00,0.00,0.00,0,0,0.00,0.00,0.00,0,0,0.00,0.00,0,0
1453689068,eth0,0.00,0.00,0.00,0,0,0.00,0.00,0.00,0,0,0.00,0.00,0,0
1453689068,eth1,0.00,0.00,0.00,0,0,0.00,0.00,0.00,0,0,0.00,0.00,0,0
1453689068,s2,0.00,0.00,0.00,0,0,0.00,0.00,0.00,0,0,0.00,0.00,0,0
1453689068,s1-eth2,68178.00,6051314.00,6119492.00,6051314,68178,1033.00,1033.00,2066.00,1033,1033,0.00,0.00,0,0
1453689068,s1-eth1,6045456.00,68112.00,6113568.00,68112,6045456,1032.00,1032.00,2064.00,1032,1032,0.00,0.00,0,0
1453689068,s3,0.00,0.00,0.00,0,0,0.00,0.00,0.00,0,0,0.00,0.00,0,0
1453689068,s2-eth2,68112.00,6045456.00,6113568.00,6045456,68112,1032.00,1032.00,2064.00,1032,1032,0.00,0.00,0,0
1453689068,s2-eth1,6045456.00,68112.00,6113568.00,68112,6045456,1032.00,1032.00,2064.00,1032,1032,0.00,0.00,0,0
1453689068,lo,0.00,0.00,0.00,0,0,0.00,0.00,0.00,0,0,0.00,0.00,0,0
1453689068,s4,0.00,0.00,0.00,0,0,0.00,0.00,0.00,0,0,0.00,0.00,0,0
1453689068,s3-eth2,68454.00,6045456.00,6113910.00,6045456,68454,1033.00,1032.00,2065.00,1032,1033,0.00,0.00,0,0
1453689068,s3-eth1,6045456.00,68112.00,6113568.00,68112,6045456,1032.00,1032.00,2064.00,1032,1032,0.00,0.00,0,0
1453689068,total,18341112.00,18346562.00,36687672.00,18346562,18341112,6194.00,6193.00,12387.00,6193,6194,0.00,0.00,0,0
1453689069,s5,0.00,0.00,0.00,0,0,0.00,0.00,0.00,0,0,0.00,0.00,0,0
1453689069,s1,0.00,0.00,0.00,0,0,0.00,0.00,0.00,0,0,0.00,0.00,0,0
1453689069,eth0,0.00,0.00,0.00,0,0,0.00,0.00,0.00,0,0,0.00,0.00,0,0
1453689069,eth1,0.00,0.00,0.00,0,0,0.00,0.00,0.00,0,0,0.00,0.00,0,0
1453689069,s2,0.00,0.00,0.00,0,0,0.00,0.00,0.00,0,0,0.00,0.00,0,0
1453689069,s1-eth2,68112.00,6039598.00,6107710.00,6039598,68112,1032.00,1031.00,2063.00,1031,1032,0.00,0.00,0,0
1453689069,s1-eth1,6039598.00,68112.00,6107710.00,68112,6039598,1031.00,1032.00,2063.00,1032,1031,0.00,0.00,0,0
1453689069,s3,0.00,0.00,0.00,0,0,0.00,0.00,0.00,0,0,0.00,0.00,0,0
1453689069,s2-eth2,68112.00,6039598.00,6107710.00,6039598,68112,1032.00,1031.00,2063.00,1031,1032,0.00,0.00,0,0
1453689069,s2-eth1,6039598.00,68112.00,6107710.00,68112,6039598,1031.00,1032.00,2063.00,1032,1031,0.00,0.00,0,0
1453689069,lo,0.00,0.00,0.00,0,0,0.00,0.00,0.00,0,0,0.00,0.00,0,0
1453689069,s4,0.00,0.00,0.00,0,0,0.00,0.00,0.00,0,0,0.00,0.00,0,0
1453689069,s3-eth2,68112.00,6039598.00,6107710.00,6039598,68112,1032.00,1031.00,2063.00,1031,1032,0.00,0.00,0,0
1453689069,s3-eth1,6039598.00,68112.00,6107710.00,68112,6039598,1031.00,1032.00,2063.00,1032,1031,0.00,0.00,0,0
1453689069,total,18323130.00,18323130.00,36646260.00,18323130,18323130,6189.00,6189.00,12378.00,6189,6189,0.00,0.00,0,0
1453689070,s5,0.00,0.00,0.00,0,0,0.00,0.00,0.00,0,0,0.00,0.00,0,0
1453689070,s1,0.00,0.00,0.00,0,0,0.00,0.00,0.00,0,0,0.00,0.00,0,0
1453689070,eth0,0.00,0.00,0.00,0,0,0.00,0.00,0.00,0,0,0.00,0.00,0,0
1453689070,eth1,0.00,0.00,0.00,0,0,0.00,0.00,0.00,0,0,0.00,0.00,0,0
1453689070,s2,0.00,0.00,0.00,0,0,0.00,0.00,0.00,0,0,0.00,0.00,0,0
1453689070,s1-eth2,68112.00,6045456.00,6113568.00,6045456,68112,1032.00,1032.00,2064.00,1032,1032,0.00,0.00,0,0
1453689070,s1-eth1,6051314.00,68112.00,6119426.00,68112,6051314,1033.00,1032.00,2065.00,1032,1033,0.00,0.00,0,0
1453689070,s3,0.00,0.00,0.00,0,0,0.00,0.00,0.00,0,0,0.00,0.00,0,0
1453689070,s2-eth2,68112.00,6051314.00,6119426.00,6051314,68112,1032.00,1033.00,2065.00,1033,1032,0.00,0.00,0,0
1453689070,s2-eth1,6051314.00,68112.00,6119426.00,68112,6051314,1033.00,1032.00,2065.00,1032,1033,0.00,0.00,0,0
1453689070,lo,0.00,0.00,0.00,0,0,0.00,0.00,0.00,0,0,0.00,0.00,0,0
1453689070,s4,0.00,0.00,0.00,0,0,0.00,0.00,0.00,0,0,0.00,0.00,0,0
1453689070,s3-eth2,68112.00,6051314.00,6119426.00,6051314,68112,1032.00,1033.00,2065.00,1033,1032,0.00,0.00,0,0
1453689070,s3-eth1,6051314.00,68112.00,6119426.00,68112,6051314,1033.00,1032.00,2065.00,1032,1033,0.00,0.00,0,0
1453689070,total,18358278.00,18352420.00,36710696.00,18352420,18358278,6195.00,6194.00,12389.00,6194,6195,0.00,0.00,0,0
1453689071,s5,0.00,0.00,0.00,0,0,0.00,0.00,0.00,0,0,0.00,0.00,0,0
1453689071,s1,0.00,0.00,0.00,0,0,0.00,0.00,0.00,0,0,0.00,0.00,0,0
1453689071,eth0,0.00,0.00,0.00,0,0,0.00,0.00,0.00,0,0,0.00,0.00,0,0
1453689071,eth1,0.00,0.00,0.00,0,0,0.00,0.00,0.00,0,0,0.00,0.00,0,0
1453689071,s2,0.00,0.00,0.00,0,0,0.00,0.00,0.00,0,0,0.00,0.00,0,0
1453689071,s1-eth2,68046.00,6045456.00,6113502.00,6045456,68046,1031.00,1032.00,2063.00,1032,1031,0.00,0.00,0,0
1453689071,s1-eth1,6039598.00,68112.00,6107710.00,68112,6039598,1031.00,1032.00,2063.00,1032,1031,0.00,0.00,0,0
1453689071,s3,0.00,0.00,0.00,0,0,0.00,0.00,0.00,0,0,0.00,0.00,0,0
1453689071,s2-eth2,68112.00,6039598.00,6107710.00,6039598,68112,1032.00,1031.00,2063.00,1031,1032,0.00,0.00,0,0
1453689071,s2-eth1,6039598.00,68112.00,6107710.00,68112,6039598,1031.00,1032.00,2063.00,1032,1031,0.00,0.00,0,0
1453689071,lo,516.00,516.00,1032.00,516,516,9.00,9.00,18.00,9,9,0.00,0.00,0,0
1453689071,s4,0.00,0.00,0.00,0,0,0.00,0.00,0.00,0,0,0.00,0.00,0,0
1453689071,s3-eth2,68112.00,6039598.00,6107710.00,6039598,68112,1032.00,1031.00,2063.00,1031,1032,0.00,0.00,0,0
1453689071,s3-eth1,6039598.00,68112.00,6107710.00,68112,6039598,1031.00,1032.00,2063.00,1032,1031,0.00,0.00,0,0
1453689071,total,18323580.00,18329504.00,36653084.00,18329504,18323580,6197.00,6199.00,12396.00,6199,6197,0.00,0.00,0,0
1453689072,s5,0.00,0.00,0.00,0,0,0.00,0.00,0.00,0,0,0.00,0.00,0,0
1453689072,s1,0.00,0.00,0.00,0,0,0.00,0.00,0.00,0,0,0.00,0.00,0,0
1453689072,eth0,0.00,0.00,0.00,0,0,0.00,0.00,0.00,0,0,0.00,0.00,0,0
1453689072,eth1,0.00,0.00,0.00,0,0,0.00,0.00,0.00,0,0,0.00,0.00,0,0
1453689072,s2,0.00,342.00,342.00,342,0,0.00,1.00,1.00,1,0,0.00,0.00,0,0
1453689072,s1-eth2,76176.00,6067896.00,6144072.00,6067896,76176,1150.00,1372.00,2522.00,1372,1150,0.00,0.00,0,0
1453689072,s1-eth1,6067764.00,75768.00,6143532.00,75768,6067764,1370.00,1148.00,2518.00,1148,1370,0.00,0.00,0,0
1453689072,s3,0.00,342.00,342.00,342,0,0.00,1.00,1.00,1,0,0.00,0.00,0,0
1453689072,s2-eth2,76110.00,6068160.00,6144270.00,6068160,76110,1149.00,1376.00,2525.00,1376,1149,0.00,0.00,0,0
1453689072,s2-eth1,6067896.00,76110.00,6144006.00,76110,6067896,1372.00,1149.00,2521.00,1149,1372,0.00,0.00,0,0
1453689072,lo,996.00,996.00,1992.00,996,996,12.00,12.00,24.00,12,12,0.00,0.00,0,0
1453689072,s4,0.00,0.00,0.00,0,0,0.00,0.00,0.00,0,0,0.00,0.00,0,0
1453689072,s3-eth2,76110.00,6068160.00,6144270.00,6068160,76110,1149.00,1376.00,2525.00,1376,1149,0.00,0.00,0,0
1453689072,s3-eth1,6068160.00,76110.00,6144270.00,76110,6068160,1376.00,1149.00,2525.00,1149,1376,0.00,0.00,0,0
1453689072,total,18433212.00,18433884.00,36867096.00,18433884,18433212,7578.00,7584.00,15162.00,7584,7578,0.00,0.00,0,0
1453689073,s5,0.00,0.00,0.00,0,0,0.00,0.00,0.00,0,0,0.00,0.00,0,0
1453689073,s1,0.00,0.00,0.00,0,0,0.00,0.00,0.00,0,0,0.00,0.00,0,0
1453689073,eth0,225.00,197.00,422.00,197,225,2.00,2.00,4.00,2,2,0.00,0.00,0,0
1453689073,eth1,0.00,0.00,0.00,0,0,0.00,0.00,0.00,0,0,0.00,0.00,0,0
1453689073,s2,0.00,107.00,107.00,107,0,0.00,1.00,1.00,1,0,0.00,0.00,0,0
1453689073,s1-eth2,76692.00,6058066.00,6134758.00,6058066,76692,1162.00,1245.00,2407.00,1245,1162,0.00,0.00,0,0
1453689073,s1-eth1,6061345.00,76956.00,6138301.00,76956,6061345,1246.00,1166.00,2412.00,1166,1246,0.00,0.00,0,0
1453689073,s3,0.00,107.00,107.00,107,0,0.00,1.00,1.00,1,0,0.00,0.00,0,0
1453689073,s2-eth2,76601.00,6059621.00,6136222.00,6059621,76601,1160.00,1246.00,2406.00,1246,1160,0.00,0.00,0,0
1453689073,s2-eth1,6062476.00,76692.00,6139168.00,76692,6062476,1246.00,1162.00,2408.00,1162,1246,0.00,0.00,0,0
1453689073,lo,610.00,610.00,1220.00,610,610,6.00,6.00,12.00,6,6,0.00,0.00,0,0
1453689073,s4,0.00,0.00,0.00,0,0,0.00,0.00,0.00,0,0,0.00,0.00,0,0
1453689073,s3-eth2,76444.00,6061292.00,6137736.00,6061292,76444,1157.00,1250.00,2407.00,1250,1157,0.00,0.00,0,0
1453689073,s3-eth1,6059621.00,76601.00,6136222.00,76601,6059621,1246.00,1160.00,2406.00,1160,1246,0.00,0.00,0,0
1453689073,total,18414014.00,18410248.00,36824264.00,18410249,18414014,7225.00,7239.00,14464.00,7239,7225,0.00,0.00,0,0
1453689074,s5,0.00,0.00,0.00,0,0,0.00,0.00,0.00,0,0,0.00,0.00,0,0
1453689074,s1,0.00,556.00,556.00,556,0,0.00,3.00,3.00,3,0,0.00,0.00,0,0
1453689074,eth0,0.00,0.00,0.00,0,0,0.00,0.00,0.00,0,0,0.00,0.00,0,0
1453689074,eth1,0.00,0.00,0.00,0,0,0.00,0.00,0.00,0,0,0.00,0.00,0,0
1453689074,s2,0.00,449.00,449.00,449,0,0.00,2.00,2.00,2,0,0.00,0.00,0,0
1453689074,s1-eth2,69737.00,6046870.00,6116607.00,6046870,69737,1056.00,1048.00,2104.00,1048,1056,0.00,0.00,0,0
1453689074,s1-eth1,6044172.00,69432.00,6113604.00,69432,6044172,1051.00,1052.00,2103.00,1052,1051,0.00,0.00,0,0
1453689074,s3,0.00,107.00,107.00,107,0,0.00,1.00,1.00,1,0,0.00,0.00,0,0
1453689074,s2-eth2,70001.00,6044944.00,6114945.00,6044944,70001,1060.00,1042.00,2102.00,1042,1060,0.00,0.00,0,0
1453689074,s2-eth1,6042460.00,69803.00,6112263.00,69803,6042460,1047.00,1057.00,2104.00,1057,1047,0.00,0.00,0,0
1453689074,lo,1872.00,1872.00,3744.00,1872,1872,18.00,18.00,36.00,18,18,0.00,0.00,0,0
1453689074,s4,0.00,0.00,0.00,0,0,0.00,0.00,0.00,0,0,0.00,0.00,0,0
1453689074,s3-eth2,70265.00,6042824.00,6113089.00,6042824,70265,1064.00,1036.00,2100.00,1036,1064,0.00,0.00,0,0
1453689074,s3-eth1,6044944.00,70001.00,6114945.00,70001,6044944,1042.00,1060.00,2102.00,1060,1042,0.00,0.00,0,0
1453689074,total,18343452.00,18346858.00,36690308.00,18346858,18343451,6338.00,6319.00,12657.00,6319,6338,0.00,0.00,0,0
1453689075,s5,0.00,0.00,0.00,0,0,0.00,0.00,0.00,0,0,0.00,0.00,0,0
1453689075,s1,0.00,0.00,0.00,0,0,0.00,0.00,0.00,0,0,0.00,0.00,0,0
1453689075,eth0,0.00,0.00,0.00,0,0,0.00,0.00,0.00,0,0,0.00,0.00,0,0
1453689075,eth1,0.00,0.00,0.00,0,0,0.00,0.00,0.00,0,0,0.00,0.00,0,0
1453689075,s2,0.00,0.00,0.00,0,0,0.00,0.00,0.00,0,0,0.00,0.00,0,0
1453689075,s1-eth2,68178.00,6045456.00,6113634.00,6045456,68178,1033.00,1032.00,2065.00,1032,1033,0.00,0.00,0,0
1453689075,s1-eth1,6051314.00,68112.00,6119426.00,68112,6051314,1033.00,1032.00,2065.00,1032,1033,0.00,0.00,0,0
1453689075,s3,0.00,0.00,0.00,0,0,0.00,0.00,0.00,0,0,0.00,0.00,0,0
1453689075,s2-eth2,68112.00,6051314.00,6119426.00,6051314,68112,1032.00,1033.00,2065.00,1033,1032,0.00,0.00,0,0
1453689075,s2-eth1,6051314.00,68112.00,6119426.00,68112,6051314,1033.00,1032.00,2065.00,1032,1033,0.00,0.00,0,0
1453689075,lo,0.00,0.00,0.00,0,0,0.00,0.00,0.00,0,0,0.00,0.00,0,0
1453689075,s4,0.00,0.00,0.00,0,0,0.00,0.00,0.00,0,0,0.00,0.00,0,0
1453689075,s3-eth2,68112.00,6051314.00,6119426.00,6051314,68112,1032.00,1033.00,2065.00,1033,1032,0.00,0.00,0,0
1453689075,s3-eth1,6051314.00,68112.00,6119426.00,68112,6051314,1033.00,1032.00,2065.00,1032,1033,0.00,0.00,0,0
1453689075,total,18358344.00,18352420.00,36710764.00,18352420,18358344,6196.00,6194.00,12390.00,6194,6196,0.00,0.00,0,0
1453689076,s5,0.00,0.00,0.00,0,0,0.00,0.00,0.00,0,0,0.00,0.00,0,0
1453689076,s1,0.00,0.00,0.00,0,0,0.00,0.00,0.00,0,0,0.00,0.00,0,0
1453689076,eth0,0.00,0.00,0.00,0,0,0.00,0.00,0.00,0,0,0.00,0.00,0,0
1453689076,eth1,0.00,0.00,0.00,0,0,0.00,0.00,0.00,0,0,0.00,0.00,0,0
1453689076,s2,0.00,0.00,0.00,0,0,0.00,0.00,0.00,0,0,0.00,0.00,0,0
1453689076,s1-eth2,68112.00,6051314.00,6119426.00,6051314,68112,1032.00,1033.00,2065.00,1033,1032,0.00,0.00,0,0
1453689076,s1-eth1,6045456.00,68112.00,6113568.00,68112,6045456,1032.00,1032.00,2064.00,1032,1032,0.00,0.00,0,0
1453689076,s3,0.00,0.00,0.00,0,0,0.00,0.00,0.00,0,0,0.00,0.00,0,0
1453689076,s2-eth2,68112.00,6045456.00,6113568.00,6045456,68112,1032.00,1032.00,2064.00,1032,1032,0.00,0.00,0,0
1453689076,s2-eth1,6045456.00,68112.00,6113568.00,68112,6045456,1032.00,1032.00,2064.00,1032,1032,0.00,0.00,0,0
1453689076,lo,0.00,0.00,0.00,0,0,0.00,0.00,0.00,0,0,0.00,0.00,0,0
1453689076,s4,0.00,0.00,0.00,0,0,0.00,0.00,0.00,0,0,0.00,0.00,0,0
1453689076,s3-eth2,68112.00,6045456.00,6113568.00,6045456,68112,1032.00,1032.00,2064.00,1032,1032,0.00,0.00,0,0
1453689076,s3-eth1,6045456.00,68112.00,6113568.00,68112,6045456,1032.00,1032.00,2064.00,1032,1032,0.00,0.00,0,0
1453689076,total,18340704.00,18346562.00,36687264.00,18346562,18340704,6192.00,6193.00,12385.00,6193,6192,0.00,0.00,0,0
1453689077,s5,0.00,0.00,0.00,0,0,0.00,0.00,0.00,0,0,0.00,0.00,0,0
1453689077,s1,0.00,0.00,0.00,0,0,0.00,0.00,0.00,0,0,0.00,0.00,0,0
1453689077,eth0,0.00,0.00,0.00,0,0,0.00,0.00,0.00,0,0,0.00,0.00,0,0
1453689077,eth1,0.00,0.00,0.00,0,0,0.00,0.00,0.00,0,0,0.00,0.00,0,0
1453689077,s2,0.00,0.00,0.00,0,0,0.00,0.00,0.00,0,0,0.00,0.00,0,0
1453689077,s1-eth2,68046.00,6039598.00,6107644.00,6039598,68046,1031.00,1031.00,2062.00,1031,1031,0.00,0.00,0,0
1453689077,s1-eth1,6039598.00,68112.00,6107710.00,68112,6039598,1031.00,1032.00,2063.00,1032,1031,0.00,0.00,0,0
1453689077,s3,0.00,0.00,0.00,0,0,0.00,0.00,0.00,0,0,0.00,0.00,0,0
1453689077,s2-eth2,68112.00,6039598.00,6107710.00,6039598,68112,1032.00,1031.00,2063.00,1031,1032,0.00,0.00,0,0
1453689077,s2-eth1,6039598.00,68112.00,6107710.00,68112,6039598,1031.00,1032.00,2063.00,1032,1031,0.00,0.00,0,0
1453689077,lo,344.00,344.00,688.00,344,344,6.00,6.00,12.00,6,6,0.00,0.00,0,0
1453689077,s4,0.00,0.00,0.00,0,0,0.00,0.00,0.00,0,0,0.00,0.00,0,0
1453689077,s3-eth2,68112.00,6039598.00,6107710.00,6039598,68112,1032.00,1031.00,2063.00,1031,1032,0.00,0.00,0,0
1453689077,s3-eth1,6039598.00,68112.00,6107710.00,68112,6039598,1031.00,1032.00,2063.00,1032,1031,0.00,0.00,0,0
1453689077,total,18323408.00,18323474.00,36646880.00,18323474,18323408,6194.00,6195.00,12389.00,6195,6194,0.00,0.00,0,0
1453689078,s5,0.00,0.00,0.00,0,0,0.00,0.00,0.00,0,0,0.00,0.00,0,0
1453689078,s1,0.00,0.00,0.00,0,0,0.00,0.00,0.00,0,0,0.00,0.00,0,0
1453689078,eth0,0.00,0.00,0.00,0,0,0.00,0.00,0.00,0,0,0.00,0.00,0,0
1453689078,eth1,0.00,0.00,0.00,0,0,0.00,0.00,0.00,0,0,0.00,0.00,0,0
1453689078,s2,0.00,0.00,0.00,0,0,0.00,0.00,0.00,0,0,0.00,0.00,0,0
1453689078,s1-eth2,68178.00,6051314.00,6119492.00,6051314,68178,1033.00,1033.00,2066.00,1033,1033,0.00,0.00,0,0
1453689078,s1-eth1,6051314.00,68112.00,6119426.00,68112,6051314,1033.00,1032.00,2065.00,1032,1033,0.00,0.00,0,0
1453689078,s3,0.00,0.00,0.00,0,0,0.00,0.00,0.00,0,0,0.00,0.00,0,0
1453689078,s2-eth2,68112.00,6051314.00,6119426.00,6051314,68112,1032.00,1033.00,2065.00,1033,1032,0.00,0.00,0,0
1453689078,s2-eth1,6051314.00,68112.00,6119426.00,68112,6051314,1033.00,1032.00,2065.00,1032,1033,0.00,0.00,0,0
1453689078,lo,516.00,516.00,1032.00,516,516,9.00,9.00,18.00,9,9,0.00,0.00,0,0
1453689078,s4,0.00,0.00,0.00,0,0,0.00,0.00,0.00,0,0,0.00,0.00,0,0
1453689078,s3-eth2,68112.00,6051314.00,6119426.00,6051314,68112,1032.00,1033.00,2065.00,1033,1032,0.00,0.00,0,0
1453689078,s3-eth1,6051314.00,68112.00,6119426.00,68112,6051314,1033.00,1032.00,2065.00,1032,1033,0.00,0.00,0,0
1453689078,total,18358860.00,18358794.00,36717656.00,18358794,18358860,6205.00,6204.00,12409.00,6204,6205,0.00,0.00,0,0
1453689079,s5,0.00,0.00,0.00,0,0,0.00,0.00,0.00,0,0,0.00,0.00,0,0
1453689079,s1,0.00,0.00,0.00,0,0,0.00,0.00,0.00,0,0,0.00,0.00,0,0
1453689079,eth0,0.00,0.00,0.00,0,0,0.00,0.00,0.00,0,0,0.00,0.00,0,0
1453689079,eth1,0.00,0.00,0.00,0,0,0.00,0.00,0.00,0,0,0.00,0.00,0,0
1453689079,s2,0.00,0.00,0.00,0,0,0.00,0.00,0.00,0,0,0.00,0.00,0,0
1453689079,s1-eth2,68112.00,6039598.00,6107710.00,6039598,68112,1032.00,1031.00,2063.00,1031,1032,0.00,0.00,0,0
1453689079,s1-eth1,6039598.00,68112.00,6107710.00,68112,6039598,1031.00,1032.00,2063.00,1032,1031,0.00,0.00,0,0
1453689079,s3,0.00,0.00,0.00,0,0,0.00,0.00,0.00,0,0,0.00,0.00,0,0
1453689079,s2-eth2,68112.00,6039598.00,6107710.00,6039598,68112,1032.00,1031.00,2063.00,1031,1032,0.00,0.00,0,0
1453689079,s2-eth1,6039598.00,68112.00,6107710.00,68112,6039598,1031.00,1032.00,2063.00,1032,1031,0.00,0.00,0,0
1453689079,lo,0.00,0.00,0.00,0,0,0.00,0.00,0.00,0,0,0.00,0.00,0,0
1453689079,s4,0.00,0.00,0.00,0,0,0.00,0.00,0.00,0,0,0.00,0.00,0,0
1453689079,s3-eth2,68112.00,6039598.00,6107710.00,6039598,68112,1032.00,1031.00,2063.00,1031,1032,0.00,0.00,0,0
1453689079,s3-eth1,6039598.00,68112.00,6107710.00,68112,6039598,1031.00,1032.00,2063.00,1032,1031,0.00,0.00,0,0
1453689079,total,18323130.00,18323130.00,36646260.00,18323130,18323130,6189.00,6189.00,12378.00,6189,6189,0.00,0.00,0,0
1453689080,s5,0.00,0.00,0.00,0,0,0.00,0.00,0.00,0,0,0.00,0.00,0,0
1453689080,s1,0.00,342.00,342.00,342,0,0.00,1.00,1.00,1,0,0.00,0.00,0,0
1453689080,eth0,0.00,0.00,0.00,0,0,0.00,0.00,0.00,0,0,0.00,0.00,0,0
1453689080,eth1,0.00,0.00,0.00,0,0,0.00,0.00,0.00,0,0,0.00,0.00,0,0
1453689080,s2,0.00,0.00,0.00,0,0,0.00,0.00,0.00,0,0,0.00,0.00,0,0
1453689080,s1-eth2,68112.00,6051656.00,6119768.00,6051656,68112,1032.00,1034.00,2066.00,1034,1032,0.00,0.00,0,0
1453689080,s1-eth1,6051656.00,68112.00,6119768.00,68112,6051656,1034.00,1032.00,2066.00,1032,1034,0.00,0.00,0,0
1453689080,s3,0.00,0.00,0.00,0,0,0.00,0.00,0.00,0,0,0.00,0.00,0,0
1453689080,s2-eth2,68112.00,6051314.00,6119426.00,6051314,68112,1032.00,1033.00,2065.00,1033,1032,0.00,0.00,0,0
1453689080,s2-eth1,6051656.00,68112.00,6119768.00,68112,6051656,1034.00,1032.00,2066.00,1032,1034,0.00,0.00,0,0
1453689080,lo,326.00,326.00,652.00,326,326,3.00,3.00,6.00,3,3,0.00,0.00,0,0
1453689080,s4,0.00,0.00,0.00,0,0,0.00,0.00,0.00,0,0,0.00,0.00,0,0
1453689080,s3-eth2,68112.00,6051314.00,6119426.00,6051314,68112,1032.00,1033.00,2065.00,1033,1032,0.00,0.00,0,0
1453689080,s3-eth1,6051314.00,68112.00,6119426.00,68112,6051314,1033.00,1032.00,2065.00,1032,1033,0.00,0.00,0,0
1453689080,total,18359288.00,18359288.00,36718576.00,18359288,18359288,6200.00,6200.00,12400.00,6200,6200,0.00,0.00,0,0
1453689081,s5,0.00,0.00,0.00,0,0,0.00,0.00,0.00,0,0,0.00,0.00,0,0
1453689081,s1,0.00,0.00,0.00,0,0,0.00,0.00,0.00,0,0,0.00,0.00,0,0
1453689081,eth0,0.00,0.00,0.00,0,0,0.00,0.00,0.00,0,0,0.00,0.00,0,0
1453689081,eth1,0.00,0.00,0.00,0,0,0.00,0.00,0.00,0,0,0.00,0.00,0,0
1453689081,s2,0.00,0.00,0.00,0,0,0.00,0.00,0.00,0,0,0.00,0.00,0,0
1453689081,s1-eth2,68112.00,6039598.00,6107710.00,6039598,68112,1032.00,1031.00,2063.00,1031,1032,0.00,0.00,0,0
1453689081,s1-eth1,6045456.00,68112.00,6113568.00,68112,6045456,1032.00,1032.00,2064.00,1032,1032,0.00,0.00,0,0
1453689081,s3,0.00,0.00,0.00,0,0,0.00,0.00,0.00,0,0,0.00,0.00,0,0
1453689081,s2-eth2,68112.00,6045456.00,6113568.00,6045456,68112,1032.00,1032.00,2064.00,1032,1032,0.00,0.00,0,0
1453689081,s2-eth1,6045456.00,68112.00,6113568.00,68112,6045456,1032.00,1032.00,2064.00,1032,1032,0.00,0.00,0,0
1453689081,lo,0.00,0.00,0.00,0,0,0.00,0.00,0.00,0,0,0.00,0.00,0,0
1453689081,s4,0.00,0.00,0.00,0,0,0.00,0.00,0.00,0,0,0.00,0.00,0,0
1453689081,s3-eth2,68454.00,6045456.00,6113910.00,6045456,68454,1033.00,1032.00,2065.00,1032,1033,0.00,0.00,0,0
1453689081,s3-eth1,6045456.00,68112.00,6113568.00,68112,6045456,1032.00,1032.00,2064.00,1032,1032,0.00,0.00,0,0
1453689081,total,18341046.00,18334846.00,36675892.00,18334846,18341046,6193.00,6191.00,12384.00,6191,6193,0.00,0.00,0,0
1453689082,s5,0.00,0.00,0.00,0,0,0.00,0.00,0.00,0,0,0.00,0.00,0,0
1453689082,s1,0.00,0.00,0.00,0,0,0.00,0.00,0.00,0,0,0.00,0.00,0,0
1453689082,eth0,0.00,0.00,0.00,0,0,0.00,0.00,0.00,0,0,0.00,0.00,0,0
1453689082,eth1,0.00,0.00,0.00,0,0,0.00,0.00,0.00,0,0,0.00,0.00,0,0
1453689082,s2,0.00,0.00,0.00,0,0,0.00,0.00,0.00,0,0,0.00,0.00,0,0
1453689082,s1-eth2,68112.00,6051314.00,6119426.00,6051314,68112,1032.00,1033.00,2065.00,1033,1032,0.00,0.00,0,0
1453689082,s1-eth1,6045456.00,68112.00,6113568.00,68112,6045456,1032.00,1032.00,2064.00,1032,1032,0.00,0.00,0,0
1453689082,s3,0.00,342.00,342.00,342,0,0.00,1.00,1.00,1,0,0.00,0.00,0,0
1453689082,s2-eth2,68454.00,6045456.00,6113910.00,6045456,68454,1033.00,1032.00,2065.00,1032,1033,0.00,0.00,0,0
1453689082,s2-eth1,6045456.00,68112.00,6113568.00,68112,6045456,1032.00,1032.00,2064.00,1032,1032,0.00,0.00,0,0
1453689082,lo,670.00,670.00,1340.00,670,670,9.00,9.00,18.00,9,9,0.00,0.00,0,0
1453689082,s4,0.00,0.00,0.00,0,0,0.00,0.00,0.00,0,0,0.00,0.00,0,0
1453689082,s3-eth2,68454.00,6045456.00,6113910.00,6045456,68454,1033.00,1032.00,2065.00,1032,1033,0.00,0.00,0,0
1453689082,s3-eth1,6045456.00,68454.00,6113910.00,68454,6045456,1032.00,1033.00,2065.00,1033,1032,0.00,0.00,0,0
1453689082,total,18342058.00,18347916.00,36689976.00,18347916,18342058,6203.00,6204.00,12407.00,6204,6203,0.00,0.00,0,0
1453689083,s5,0.00,0.00,0.00,0,0,0.00,0.00,0.00,0,0,0.00,0.00,0,0
1453689083,s1,0.00,0.00,0.00,0,0,0.00,0.00,0.00,0,0,0.00,0.00,0,0
1453689083,eth0,0.00,0.00,0.00,0,0,0.00,0.00,0.00,0,0,0.00,0.00,0,0
1453689083,eth1,0.00,0.00,0.00,0,0,0.00,0.00,0.00,0,0,0.00,0.00,0,0
1453689083,s2,0.00,0.00,0.00,0,0,0.00,0.00,0.00,0,0,0.00,0.00,0,0
1453689083,s1-eth2,68112.00,6039598.00,6107710.00,6039598,68112,1032.00,1031.00,2063.00,1031,1032,0.00,0.00,0,0
1453689083,s1-eth1,6039598.00,68112.00,6107710.00,68112,6039598,1031.00,1032.00,2063.00,1032,1031,0.00,0.00,0,0
1453689083,s3,0.00,0.00,0.00,0,0,0.00,0.00,0.00,0,0,0.00,0.00,0,0
1453689083,s2-eth2,68112.00,6039598.00,6107710.00,6039598,68112,1032.00,1031.00,2063.00,1031,1032,0.00,0.00,0,0
1453689083,s2-eth1,6039598.00,68112.00,6107710.00,68112,6039598,1031.00,1032.00,2063.00,1032,1031,0.00,0.00,0,0
1453689083,lo,172.00,172.00,344.00,172,172,3.00,3.00,6.00,3,3,0.00,0.00,0,0
1453689083,s4,0.00,0.00,0.00,0,0,0.00,0.00,0.00,0,0,0.00,0.00,0,0
1453689083,s3-eth2,68112.00,6039598.00,6107710.00,6039598,68112,1032.00,1031.00,2063.00,1031,1032,0.00,0.00,0,0
1453689083,s3-eth1,6039598.00,68112.00,6107710.00,68112,6039598,1031.00,1032.00,2063.00,1032,1031,0.00,0.00,0,0
1453689083,total,18323302.00,18323302.00,36646604.00,18323302,18323302,6192.00,6192.00,12384.00,6192,6192,0.00,0.00,0,0
1453689084,s5,0.00,0.00,0.00,0,0,0.00,0.00,0.00,0,0,0.00,0.00,0,0
1453689084,s1,0.00,0.00,0.00,0,0,0.00,0.00,0.00,0,0,0.00,0.00,0,0
1453689084,eth0,0.00,0.00,0.00,0,0,0.00,0.00,0.00,0,0,0.00,0.00,0,0
1453689084,eth1,0.00,0.00,0.00,0,0,0.00,0.00,0.00,0,0,0.00,0.00,0,0
1453689084,s2,0.00,0.00,0.00,0,0,0.00,0.00,0.00,0,0,0.00,0.00,0,0
1453689084,s1-eth2,68112.00,6045456.00,6113568.00,6045456,68112,1032.00,1032.00,2064.00,1032,1032,0.00,0.00,0,0
1453689084,s1-eth1,6051314.00,68112.00,6119426.00,68112,6051314,1033.00,1032.00,2065.00,1032,1033,0.00,0.00,0,0
1453689084,s3,0.00,0.00,0.00,0,0,0.00,0.00,0.00,0,0,0.00,0.00,0,0
1453689084,s2-eth2,68112.00,6051314.00,6119426.00,6051314,68112,1032.00,1033.00,2065.00,1033,1032,0.00,0.00,0,0
1453689084,s2-eth1,6051314.00,68112.00,6119426.00,68112,6051314,1033.00,1032.00,2065.00,1032,1033,0.00,0.00,0,0
1453689084,lo,172.00,172.00,344.00,172,172,3.00,3.00,6.00,3,3,0.00,0.00,0,0
1453689084,s4,0.00,0.00,0.00,0,0,0.00,0.00,0.00,0,0,0.00,0.00,0,0
1453689084,s3-eth2,68112.00,6051314.00,6119426.00,6051314,68112,1032.00,1033.00,2065.00,1033,1032,0.00,0.00,0,0
1453689084,s3-eth1,6051314.00,68112.00,6119426.00,68112,6051314,1033.00,1032.00,2065.00,1032,1033,0.00,0.00,0,0
1453689084,total,18358450.00,18352592.00,36711040.00,18352592,18358450,6198.00,6197.00,12395.00,6197,6198,0.00,0.00,0,0
1453689085,s5,0.00,0.00,0.00,0,0,0.00,0.00,0.00,0,0,0.00,0.00,0,0
1453689085,s1,0.00,0.00,0.00,0,0,0.00,0.00,0.00,0,0,0.00,0.00,0,0
1453689085,eth0,0.00,0.00,0.00,0,0,0.00,0.00,0.00,0,0,0.00,0.00,0,0
1453689085,eth1,0.00,0.00,0.00,0,0,0.00,0.00,0.00,0,0,0.00,0.00,0,0
1453689085,s2,0.00,0.00,0.00,0,0,0.00,0.00,0.00,0,0,0.00,0.00,0,0
1453689085,s1-eth2,68046.00,6045456.00,6113502.00,6045456,68046,1031.00,1032.00,2063.00,1032,1031,0.00,0.00,0,0
1453689085,s1-eth1,6039598.00,68112.00,6107710.00,68112,6039598,1031.00,1032.00,2063.00,1032,1031,0.00,0.00,0,0
1453689085,s3,0.00,0.00,0.00,0,0,0.00,0.00,0.00,0,0,0.00,0.00,0,0
1453689085,s2-eth2,68112.00,6039598.00,6107710.00,6039598,68112,1032.00,1031.00,2063.00,1031,1032,0.00,0.00,0,0
1453689085,s2-eth1,6039598.00,68046.00,6107644.00,68046,6039598,1031.00,1031.00,2062.00,1031,1031,0.00,0.00,0,0
1453689085,lo,0.00,0.00,0.00,0,0,0.00,0.00,0.00,0,0,0.00,0.00,0,0
1453689085,s4,0.00,0.00,0.00,0,0,0.00,0.00,0.00,0,0,0.00,0.00,0,0
1453689085,s3-eth2,68046.00,6039598.00,6107644.00,6039598,68046,1031.00,1031.00,2062.00,1031,1031,0.00,0.00,0,0
1453689085,s3-eth1,6039598.00,68112.00,6107710.00,68112,6039598,1031.00,1032.00,2063.00,1032,1031,0.00,0.00,0,0
1453689085,total,18322998.00,18328922.00,36651920.00,18328922,18322998,6187.00,6189.00,12376.00,6189,6187,0.00,0.00,0,0
1453689086,s5,0.00,0.00,0.00,0,0,0.00,0.00,0.00,0,0,0.00,0.00,0,0
1453689086,s1,0.00,0.00,0.00,0,0,0.00,0.00,0.00,0,0,0.00,0.00,0,0
1453689086,eth0,0.00,0.00,0.00,0,0,0.00,0.00,0.00,0,0,0.00,0.00,0,0
1453689086,eth1,0.00,0.00,0.00,0,0,0.00,0.00,0.00,0,0,0.00,0.00,0,0
1453689086,s2,0.00,0.00,0.00,0,0,0.00,0.00,0.00,0,0,0.00,0.00,0,0
1453689086,s1-eth2,68046.00,6039598.00,6107644.00,6039598,68046,1031.00,1031.00,2062.00,1031,1031,0.00,0.00,0,0
1453689086,s1-eth1,6039940.00,67980.00,6107920.00,67980,6039940,1032.00,1030.00,2062.00,1030,1032,0.00,0.00,0,0
1453689086,s3,0.00,0.00,0.00,0,0,0.00,0.00,0.00,0,0,0.00,0.00,0,0
1453689086,s2-eth2,68046.00,6039598.00,6107644.00,6039598,68046,1031.00,1031.00,2062.00,1031,1031,0.00,0.00,0,0
1453689086,s2-eth1,6039598.00,68046.00,6107644.00,68046,6039598,1031.00,1031.00,2062.00,1031,1031,0.00,0.00,0,0
1453689086,lo,172.00,172.00,344.00,172,172,3.00,3.00,6.00,3,3,0.00,0.00,0,0
1453689086,s4,0.00,0.00,0.00,0,0,0.00,0.00,0.00,0,0,0.00,0.00,0,0
1453689086,s3-eth2,68046.00,6039598.00,6107644.00,6039598,68046,1031.00,1031.00,2062.00,1031,1031,0.00,0.00,0,0
1453689086,s3-eth1,6039598.00,68046.00,6107644.00,68046,6039598,1031.00,1031.00,2062.00,1031,1031,0.00,0.00,0,0
1453689086,total,18323446.00,18323038.00,36646484.00,18323038,18323446,6190.00,6188.00,12378.00,6188,6190,0.00,0.00,0,0
1453689087,s5,0.00,0.00,0.00,0,0,0.00,0.00,0.00,0,0,0.00,0.00,0,0
1453689087,s1,0.00,0.00,0.00,0,0,0.00,0.00,0.00,0,0,0.00,0.00,0,0
1453689087,eth0,0.00,0.00,0.00,0,0,0.00,0.00,0.00,0,0,0.00,0.00,0,0
1453689087,eth1,0.00,0.00,0.00,0,0,0.00,0.00,0.00,0,0,0.00,0.00,0,0
1453689087,s2,0.00,0.00,0.00,0,0,0.00,0.00,0.00,0,0,0.00,0.00,0,0
1453689087,s1-eth2,68112.00,6045456.00,6113568.00,6045456,68112,1032.00,1032.00,2064.00,1032,1032,0.00,0.00,0,0
1453689087,s1-eth1,6045456.00,68112.00,6113568.00,68112,6045456,1032.00,1032.00,2064.00,1032,1032,0.00,0.00,0,0
1453689087,s3,0.00,0.00,0.00,0,0,0.00,0.00,0.00,0,0,0.00,0.00,0,0
1453689087,s2-eth2,68112.00,6045456.00,6113568.00,6045456,68112,1032.00,1032.00,2064.00,1032,1032,0.00,0.00,0,0
1453689087,s2-eth1,6045456.00,68112.00,6113568.00,68112,6045456,1032.00,1032.00,2064.00,1032,1032,0.00,0.00,0,0
1453689087,lo,344.00,344.00,688.00,344,344,6.00,6.00,12.00,6,6,0.00,0.00,0,0
1453689087,s4,0.00,0.00,0.00,0,0,0.00,0.00,0.00,0,0,0.00,0.00,0,0
1453689087,s3-eth2,68112.00,6045456.00,6113568.00,6045456,68112,1032.00,1032.00,2064.00,1032,1032,0.00,0.00,0,0
1453689087,s3-eth1,6045456.00,68112.00,6113568.00,68112,6045456,1032.00,1032.00,2064.00,1032,1032,0.00,0.00,0,0
1453689087,total,18341048.00,18341048.00,36682096.00,18341048,18341048,6198.00,6198.00,12396.00,6198,6198,0.00,0.00,0,0
1453689088,s5,0.00,0.00,0.00,0,0,0.00,0.00,0.00,0,0,0.00,0.00,0,0
1453689088,s1,0.00,342.00,342.00,342,0,0.00,1.00,1.00,1,0,0.00,0.00,0,0
1453689088,eth0,0.00,0.00,0.00,0,0,0.00,0.00,0.00,0,0,0.00,0.00,0,0
1453689088,eth1,0.00,0.00,0.00,0,0,0.00,0.00,0.00,0,0,0.00,0.00,0,0
1453689088,s2,0.00,342.00,342.00,342,0,0.00,1.00,1.00,1,0,0.00,0.00,0,0
1453689088,s1-eth2,68154.00,6045840.00,6113994.00,6045840,68154,1033.00,1034.00,2067.00,1034,1033,0.00,0.00,0,0
1453689088,s1-eth1,6045840.00,68220.00,6114060.00,68220,6045840,1034.00,1034.00,2068.00,1034,1034,0.00,0.00,0,0
1453689088,s3,0.00,0.00,0.00,0,0,0.00,0.00,0.00,0,0,0.00,0.00,0,0
1453689088,s2-eth2,68154.00,6045840.00,6113994.00,6045840,68154,1033.00,1034.00,2067.00,1034,1033,0.00,0.00,0,0
1453689088,s2-eth1,6045840.00,68154.00,6113994.00,68154,6045840,1034.00,1033.00,2067.00,1033,1034,0.00,0.00,0,0
1453689088,lo,1712.00,1712.00,3424.00,1712,1712,18.00,18.00,36.00,18,18,0.00,0.00,0,0
1453689088,s4,0.00,0.00,0.00,0,0,0.00,0.00,0.00,0,0,0.00,0.00,0,0
1453689088,s3-eth2,68154.00,6045498.00,6113652.00,6045498,68154,1033.00,1033.00,2066.00,1033,1033,0.00,0.00,0,0
1453689088,s3-eth1,6045840.00,68154.00,6113994.00,68154,6045840,1034.00,1033.00,2067.00,1033,1034,0.00,0.00,0,0
1453689088,total,18343694.00,18344102.00,36687796.00,18344102,18343694,6219.00,6221.00,12440.00,6221,6219,0.00,0.00,0,0
1453689089,s5,0.00,0.00,0.00,0,0,0.00,0.00,0.00,0,0,0.00,0.00,0,0
1453689089,s1,0.00,107.00,107.00,107,0,0.00,1.00,1.00,1,0,0.00,0.00,0,0
1453689089,eth0,0.00,0.00,0.00,0,0,0.00,0.00,0.00,0,0,0.00,0.00,0,0
1453689089,eth1,0.00,0.00,0.00,0,0,0.00,0.00,0.00,0,0,0.00,0.00,0,0
1453689089,s2,0.00,107.00,107.00,107,0,0.00,1.00,1.00,1,0,0.00,0.00,0,0
1453689089,s1-eth2,68112.00,6045563.00,6113675.00,6045563,68112,1032.00,1033.00,2065.00,1033,1032,0.00,0.00,0,0
1453689089,s1-eth1,6045563.00,68112.00,6113675.00,68112,6045563,1033.00,1032.00,2065.00,1032,1033,0.00,0.00,0,0
1453689089,s3,0.00,107.00,107.00,107,0,0.00,1.00,1.00,1,0,0.00,0.00,0,0
1453689089,s2-eth2,68219.00,6045563.00,6113782.00,6045563,68219,1033.00,1033.00,2066.00,1033,1033,0.00,0.00,0,0
1453689089,s2-eth1,6045563.00,68112.00,6113675.00,68112,6045563,1033.00,1032.00,2065.00,1032,1033,0.00,0.00,0,0
1453689089,lo,915.00,915.00,1830.00,915,915,9.00,9.00,18.00,9,9,0.00,0.00,0,0
1453689089,s4,0.00,0.00,0.00,0,0,0.00,0.00,0.00,0,0,0.00,0.00,0,0
1453689089,s3-eth2,68668.00,6045456.00,6114124.00,6045456,68668,1035.00,1032.00,2067.00,1032,1035,0.00,0.00,0,0
1453689089,s3-eth1,6045563.00,68219.00,6113782.00,68219,6045563,1033.00,1033.00,2066.00,1033,1033,0.00,0.00,0,0
1453689089,total,18342604.00,18342260.00,36684864.00,18342261,18342603,6208.00,6207.00,12415.00,6207,6208,0.00,0.00,0,0
1453689090,s5,0.00,0.00,0.00,0,0,0.00,0.00,0.00,0,0,0.00,0.00,0,0
1453689090,s1,0.00,107.00,107.00,107,0,0.00,1.00,1.00,1,0,0.00,0.00,0,0
1453689090,eth0,0.00,288.00,288.00,288,0,0.00,1.00,1.00,1,0,0.00,0.00,0,0
1453689090,eth1,0.00,288.00,288.00,288,0,0.00,1.00,1.00,1,0,0.00,0.00,0,0
1453689090,s2,0.00,107.00,107.00,107,0,0.00,1.00,1.00,1,0,0.00,0.00,0,0
1453689090,s1-eth2,76931.00,6068531.00,6145462.00,6068531,76931,1165.00,1381.00,2546.00,1381,1165,0.00,0.00,0,0
1453689090,s1-eth1,6066926.00,77022.00,6143948.00,77022,6066926,1378.00,1167.00,2545.00,1167,1378,0.00,0.00,0,0
1453689090,s3,0.00,107.00,107.00,107,0,0.00,1.00,1.00,1,0,0.00,0.00,0,0
1453689090,s2-eth2,76667.00,6065726.00,6142393.00,6065726,76667,1161.00,1383.00,2544.00,1383,1161,0.00,0.00,0,0
1453689090,s2-eth1,6068531.00,76931.00,6145462.00,76931,6068531,1381.00,1165.00,2546.00,1165,1381,0.00,0.00,0,0
1453689090,lo,915.00,915.00,1830.00,915,915,9.00,9.00,18.00,9,9,0.00,0.00,0,0
1453689090,s4,0.00,0.00,0.00,0,0,0.00,0.00,0.00,0,0,0.00,0.00,0,0
1453689090,s3-eth2,76535.00,6067504.00,6144039.00,6067504,76535,1159.00,1388.00,2547.00,1388,1159,0.00,0.00,0,0
1453689090,s3-eth1,6065726.00,76667.00,6142393.00,76667,6065726,1383.00,1161.00,2544.00,1161,1383,0.00,0.00,0,0
1453689090,total,18432232.00,18434192.00,36866424.00,18434193,18432231,7636.00,7659.00,15295.00,7659,7636,0.00,0.00,0,0
1453689091,s5,0.00,0.00,0.00,0,0,0.00,0.00,0.00,0,0,0.00,0.00,0,0
1453689091,s1,0.00,0.00,0.00,0,0,0.00,0.00,0.00,0,0,0.00,0.00,0,0
1453689091,eth0,0.00,0.00,0.00,0,0,0.00,0.00,0.00,0,0,0.00,0.00,0,0
1453689091,eth1,0.00,0.00,0.00,0,0,0.00,0.00,0.00,0,0,0.00,0.00,0,0
1453689091,s2,0.00,0.00,0.00,0,0,0.00,0.00,0.00,0,0,0.00,0.00,0,0
1453689091,s1-eth2,85734.00,6057942.00,6143676.00,6057942,85734,1299.00,1287.00,2586.00,1287,1299,0.00,0.00,0,0
1453689091,s1-eth1,6065512.00,85536.00,6151048.00,85536,6065512,1292.00,1296.00,2588.00,1296,1292,0.00,0.00,0,0
1453689091,s3,0.00,0.00,0.00,0,0,0.00,0.00,0.00,0,0,0.00,0.00,0,0
1453689091,s2-eth2,85998.00,6066498.00,6152496.00,6066498,85998,1303.00,1285.00,2588.00,1285,1303,0.00,0.00,0,0
1453689091,s2-eth1,6057942.00,85734.00,6143676.00,85734,6057942,1287.00,1299.00,2586.00,1299,1287,0.00,0.00,0,0
1453689091,lo,0.00,0.00,0.00,0,0,0.00,0.00,0.00,0,0,0.00,0.00,0,0
1453689091,s4,0.00,0.00,0.00,0,0,0.00,0.00,0.00,0,0,0.00,0.00,0,0
1453689091,s3-eth2,86130.00,6064720.00,6150850.00,6064720,86130,1305.00,1280.00,2585.00,1280,1305,0.00,0.00,0,0
1453689091,s3-eth1,6066498.00,85998.00,6152496.00,85998,6066498,1285.00,1303.00,2588.00,1303,1285,0.00,0.00,0,0
1453689091,total,18447814.00,18446428.00,36894240.00,18446428,18447814,7771.00,7750.00,15521.00,7750,7771,0.00,0.00,0,0
1453689092,s5,0.00,0.00,0.00,0,0,0.00,0.00,0.00,0,0,0.00,0.00,0,0
1453689092,s1,0.00,0.00,0.00,0,0,0.00,0.00,0.00,0,0,0.00,0.00,0,0
1453689092,eth0,0.00,0.00,0.00,0,0,0.00,0.00,0.00,0,0,0.00,0.00,0,0
1453689092,eth1,0.00,0.00,0.00,0,0,0.00,0.00,0.00,0,0,0.00,0.00,0,0
1453689092,s2,0.00,342.00,342.00,342,0,0.00,1.00,1.00,1,0,0.00,0.00,0,0
1453689092,s1-eth2,68454.00,6051314.00,6119768.00,6051314,68454,1033.00,1033.00,2066.00,1033,1033,0.00,0.00,0,0
1453689092,s1-eth1,6045456.00,68046.00,6113502.00,68046,6045456,1032.00,1031.00,2063.00,1031,1032,0.00,0.00,0,0
1453689092,s3,0.00,342.00,342.00,342,0,0.00,1.00,1.00,1,0,0.00,0.00,0,0
1453689092,s2-eth2,68388.00,6045456.00,6113844.00,6045456,68388,1032.00,1032.00,2064.00,1032,1032,0.00,0.00,0,0
1453689092,s2-eth1,6051314.00,68454.00,6119768.00,68454,6051314,1033.00,1033.00,2066.00,1033,1033,0.00,0.00,0,0
1453689092,lo,996.00,996.00,1992.00,996,996,12.00,12.00,24.00,12,12,0.00,0.00,0,0
1453689092,s4,0.00,0.00,0.00,0,0,0.00,0.00,0.00,0,0,0.00,0.00,0,0
1453689092,s3-eth2,68454.00,6045456.00,6113910.00,6045456,68454,1033.00,1032.00,2065.00,1032,1033,0.00,0.00,0,0
1453689092,s3-eth1,6045456.00,68388.00,6113844.00,68388,6045456,1032.00,1032.00,2064.00,1032,1032,0.00,0.00,0,0
1453689092,total,18348518.00,18348794.00,36697312.00,18348794,18348518,6207.00,6207.00,12414.00,6207,6207,0.00,0.00,0,0
1453689093,s5,0.00,0.00,0.00,0,0,0.00,0.00,0.00,0,0,0.00,0.00,0,0
1453689093,s1,0.00,0.00,0.00,0,0,0.00,0.00,0.00,0,0,0.00,0.00,0,0
1453689093,eth0,0.00,0.00,0.00,0,0,0.00,0.00,0.00,0,0,0.00,0.00,0,0
1453689093,eth1,0.00,0.00,0.00,0,0,0.00,0.00,0.00,0,0,0.00,0.00,0,0
1453689093,s2,0.00,0.00,0.00,0,0,0.00,0.00,0.00,0,0,0.00,0.00,0,0
1453689093,s1-eth2,68112.00,6045456.00,6113568.00,6045456,68112,1032.00,1032.00,2064.00,1032,1032,0.00,0.00,0,0
1453689093,s1-eth1,6045456.00,68112.00,6113568.00,68112,6045456,1032.00,1032.00,2064.00,1032,1032,0.00,0.00,0,0
1453689093,s3,0.00,0.00,0.00,0,0,0.00,0.00,0.00,0,0,0.00,0.00,0,0
1453689093,s2-eth2,68112.00,6045456.00,6113568.00,6045456,68112,1032.00,1032.00,2064.00,1032,1032,0.00,0.00,0,0
1453689093,s2-eth1,6045456.00,68112.00,6113568.00,68112,6045456,1032.00,1032.00,2064.00,1032,1032,0.00,0.00,0,0
1453689093,lo,0.00,0.00,0.00,0,0,0.00,0.00,0.00,0,0,0.00,0.00,0,0
1453689093,s4,0.00,0.00,0.00,0,0,0.00,0.00,0.00,0,0,0.00,0.00,0,0
1453689093,s3-eth2,68112.00,6045456.00,6113568.00,6045456,68112,1032.00,1032.00,2064.00,1032,1032,0.00,0.00,0,0
1453689093,s3-eth1,6045456.00,68112.00,6113568.00,68112,6045456,1032.00,1032.00,2064.00,1032,1032,0.00,0.00,0,0
1453689093,total,18340704.00,18340704.00,36681408.00,18340704,18340704,6192.00,6192.00,12384.00,6192,6192,0.00,0.00,0,0
1453689094,s5,0.00,0.00,0.00,0,0,0.00,0.00,0.00,0,0,0.00,0.00,0,0
1453689094,s1,0.00,342.00,342.00,342,0,0.00,1.00,1.00,1,0,0.00,0.00,0,0
1453689094,eth0,0.00,0.00,0.00,0,0,0.00,0.00,0.00,0,0,0.00,0.00,0,0
1453689094,eth1,0.00,0.00,0.00,0,0,0.00,0.00,0.00,0,0,0.00,0.00,0,0
1453689094,s2,0.00,0.00,0.00,0,0,0.00,0.00,0.00,0,0,0.00,0.00,0,0
1453689094,s1-eth2,68112.00,6039940.00,6108052.00,6039940,68112,1032.00,1032.00,2064.00,1032,1032,0.00,0.00,0,0
1453689094,s1-eth1,6045798.00,68112.00,6113910.00,68112,6045798,1033.00,1032.00,2065.00,1032,1033,0.00,0.00,0,0
1453689094,s3,0.00,0.00,0.00,0,0,0.00,0.00,0.00,0,0,0.00,0.00,0,0
1453689094,s2-eth2,68112.00,6045456.00,6113568.00,6045456,68112,1032.00,1032.00,2064.00,1032,1032,0.00,0.00,0,0
1453689094,s2-eth1,6045798.00,68112.00,6113910.00,68112,6045798,1033.00,1032.00,2065.00,1032,1033,0.00,0.00,0,0
1453689094,lo,326.00,326.00,652.00,326,326,3.00,3.00,6.00,3,3,0.00,0.00,0,0
1453689094,s4,0.00,0.00,0.00,0,0,0.00,0.00,0.00,0,0,0.00,0.00,0,0
1453689094,s3-eth2,68112.00,6045456.00,6113568.00,6045456,68112,1032.00,1032.00,2064.00,1032,1032,0.00,0.00,0,0
1453689094,s3-eth1,6045456.00,68112.00,6113568.00,68112,6045456,1032.00,1032.00,2064.00,1032,1032,0.00,0.00,0,0
1453689094,total,18341714.00,18335856.00,36677568.00,18335856,18341714,6197.00,6196.00,12393.00,6196,6197,0.00,0.00,0,0
1453689095,s5,0.00,0.00,0.00,0,0,0.00,0.00,0.00,0,0,0.00,0.00,0,0
1453689095,s1,0.00,0.00,0.00,0,0,0.00,0.00,0.00,0,0,0.00,0.00,0,0
1453689095,eth0,0.00,0.00,0.00,0,0,0.00,0.00,0.00,0,0,0.00,0.00,0,0
1453689095,eth1,0.00,0.00,0.00,0,0,0.00,0.00,0.00,0,0,0.00,0.00,0,0
1453689095,s2,0.00,0.00,0.00,0,0,0.00,0.00,0.00,0,0,0.00,0.00,0,0
1453689095,s1-eth2,68112.00,6045456.00,6113568.00,6045456,68112,1032.00,1032.00,2064.00,1032,1032,0.00,0.00,0,0
1453689095,s1-eth1,6045456.00,68112.00,6113568.00,68112,6045456,1032.00,1032.00,2064.00,1032,1032,0.00,0.00,0,0
1453689095,s3,0.00,0.00,0.00,0,0,0.00,0.00,0.00,0,0,0.00,0.00,0,0
1453689095,s2-eth2,68112.00,6045456.00,6113568.00,6045456,68112,1032.00,1032.00,2064.00,1032,1032,0.00,0.00,0,0
1453689095,s2-eth1,6045456.00,68112.00,6113568.00,68112,6045456,1032.00,1032.00,2064.00,1032,1032,0.00,0.00,0,0
1453689095,lo,0.00,0.00,0.00,0,0,0.00,0.00,0.00,0,0,0.00,0.00,0,0
1453689095,s4,0.00,0.00,0.00,0,0,0.00,0.00,0.00,0,0,0.00,0.00,0,0
1453689095,s3-eth2,68112.00,6045456.00,6113568.00,6045456,68112,1032.00,1032.00,2064.00,1032,1032,0.00,0.00,0,0
1453689095,s3-eth1,6045456.00,68112.00,6113568.00,68112,6045456,1032.00,1032.00,2064.00,1032,1032,0.00,0.00,0,0
1453689095,total,18340704.00,18340704.00,36681408.00,18340704,18340704,6192.00,6192.00,12384.00,6192,6192,0.00,0.00,0,0
1453689096,s5,0.00,0.00,0.00,0,0,0.00,0.00,0.00,0,0,0.00,0.00,0,0
1453689096,s1,0.00,0.00,0.00,0,0,0.00,0.00,0.00,0,0,0.00,0.00,0,0
1453689096,eth0,0.00,0.00,0.00,0,0,0.00,0.00,0.00,0,0,0.00,0.00,0,0
1453689096,eth1,0.00,0.00,0.00,0,0,0.00,0.00,0.00,0,0,0.00,0.00,0,0
1453689096,s2,0.00,0.00,0.00,0,0,0.00,0.00,0.00,0,0,0.00,0.00,0,0
1453689096,s1-eth2,68112.00,6051314.00,6119426.00,6051314,68112,1032.00,1033.00,2065.00,1033,1032,0.00,0.00,0,0
1453689096,s1-eth1,6045456.00,68112.00,6113568.00,68112,6045456,1032.00,1032.00,2064.00,1032,1032,0.00,0.00,0,0
1453689096,s3,0.00,0.00,0.00,0,0,0.00,0.00,0.00,0,0,0.00,0.00,0,0
1453689096,s2-eth2,68112.00,6045456.00,6113568.00,6045456,68112,1032.00,1032.00,2064.00,1032,1032,0.00,0.00,0,0
1453689096,s2-eth1,6045456.00,68112.00,6113568.00,68112,6045456,1032.00,1032.00,2064.00,1032,1032,0.00,0.00,0,0
1453689096,lo,344.00,344.00,688.00,344,344,6.00,6.00,12.00,6,6,0.00,0.00,0,0
1453689096,s4,0.00,0.00,0.00,0,0,0.00,0.00,0.00,0,0,0.00,0.00,0,0
1453689096,s3-eth2,68112.00,6045456.00,6113568.00,6045456,68112,1032.00,1032.00,2064.00,1032,1032,0.00,0.00,0,0
1453689096,s3-eth1,6045456.00,68112.00,6113568.00,68112,6045456,1032.00,1032.00,2064.00,1032,1032,0.00,0.00,0,0
1453689096,total,18341048.00,18346906.00,36687952.00,18346906,18341048,6198.00,6199.00,12397.00,6199,6198,0.00,0.00,0,0
1453689097,s5,0.00,0.00,0.00,0,0,0.00,0.00,0.00,0,0,0.00,0.00,0,0
1453689097,s1,0.00,0.00,0.00,0,0,0.00,0.00,0.00,0,0,0.00,0.00,0,0
1453689097,eth0,0.00,0.00,0.00,0,0,0.00,0.00,0.00,0,0,0.00,0.00,0,0
1453689097,eth1,0.00,0.00,0.00,0,0,0.00,0.00,0.00,0,0,0.00,0.00,0,0
1453689097,s2,0.00,0.00,0.00,0,0,0.00,0.00,0.00,0,0,0.00,0.00,0,0
1453689097,s1-eth2,68112.00,6039598.00,6107710.00,6039598,68112,1032.00,1031.00,2063.00,1031,1032,0.00,0.00,0,0
1453689097,s1-eth1,6045456.00,68112.00,6113568.00,68112,6045456,1032.00,1032.00,2064.00,1032,1032,0.00,0.00,0,0
1453689097,s3,0.00,0.00,0.00,0,0,0.00,0.00,0.00,0,0,0.00,0.00,0,0
1453689097,s2-eth2,68112.00,6045456.00,6113568.00,6045456,68112,1032.00,1032.00,2064.00,1032,1032,0.00,0.00,0,0
1453689097,s2-eth1,6045456.00,68112.00,6113568.00,68112,6045456,1032.00,1032.00,2064.00,1032,1032,0.00,0.00,0,0
1453689097,lo,344.00,344.00,688.00,344,344,6.00,6.00,12.00,6,6,0.00,0.00,0,0
1453689097,s4,0.00,0.00,0.00,0,0,0.00,0.00,0.00,0,0,0.00,0.00,0,0
1453689097,s3-eth2,68112.00,6045456.00,6113568.00,6045456,68112,1032.00,1032.00,2064.00,1032,1032,0.00,0.00,0,0
1453689097,s3-eth1,6045456.00,68112.00,6113568.00,68112,6045456,1032.00,1032.00,2064.00,1032,1032,0.00,0.00,0,0
1453689097,total,18341048.00,18335190.00,36676240.00,18335190,18341048,6198.00,6197.00,12395.00,6197,6198,0.00,0.00,0,0
1453689098,s5,0.00,0.00,0.00,0,0,0.00,0.00,0.00,0,0,0.00,0.00,0,0
1453689098,s1,0.00,0.00,0.00,0,0,0.00,0.00,0.00,0,0,0.00,0.00,0,0
1453689098,eth0,0.00,0.00,0.00,0,0,0.00,0.00,0.00,0,0,0.00,0.00,0,0
1453689098,eth1,0.00,0.00,0.00,0,0,0.00,0.00,0.00,0,0,0.00,0.00,0,0
1453689098,s2,0.00,0.00,0.00,0,0,0.00,0.00,0.00,0,0,0.00,0.00,0,0
1453689098,s1-eth2,68109.89,6045269.00,6113379.00,6051314,68178,1031.97,1031.97,2063.94,1033,1033,0.00,0.00,0,0
1453689098,s1-eth1,6039416.50,68109.89,6107526.50,68178,6045456,1030.97,1031.97,2062.94,1033,1032,0.00,0.00,0,0
1453689098,s3,0.00,0.00,0.00,0,0,0.00,0.00,0.00,0,0,0.00,0.00,0,0
1453689098,s2-eth2,68109.89,6039416.50,6107526.50,6045456,68178,1031.97,1030.97,2062.94,1032,1033,0.00,0.00,0,0
1453689098,s2-eth1,6039416.50,68109.89,6107526.50,68178,6045456,1030.97,1031.97,2062.94,1033,1032,0.00,0.00,0,0
1453689098,lo,171.83,171.83,343.66,172,172,3.00,3.00,5.99,3,3,0.00,0.00,0,0
1453689098,s4,0.00,0.00,0.00,0,0,0.00,0.00,0.00,0,0,0.00,0.00,0,0
1453689098,s3-eth2,68109.89,6039416.50,6107526.50,6045456,68178,1031.97,1030.97,2062.94,1032,1033,0.00,0.00,0,0
1453689098,s3-eth1,6039416.50,68109.89,6107526.50,68178,6045456,1030.97,1031.97,2062.94,1033,1032,0.00,0.00,0,0
1453689098,total,18322752.00,18328604.00,36651356.00,18346932,18341074,6191.81,6192.81,12384.62,6199,6198,0.00,0.00,0,0
1453689099,s5,0.00,0.00,0.00,0,0,0.00,0.00,0.00,0,0,0.00,0.00,0,0
1453689099,s1,0.00,342.00,342.00,342,0,0.00,1.00,1.00,1,0,0.00,0.00,0,0
1453689099,eth0,0.00,0.00,0.00,0,0,0.00,0.00,0.00,0,0,0.00,0.00,0,0
1453689099,eth1,0.00,0.00,0.00,0,0,0.00,0.00,0.00,0,0,0.00,0.00,0,0
1453689099,s2,0.00,342.00,342.00,342,0,0.00,1.00,1.00,1,0,0.00,0.00,0,0
1453689099,s1-eth2,68112.00,6045798.00,6113910.00,6045798,68112,1032.00,1033.00,2065.00,1033,1032,0.00,0.00,0,0
1453689099,s1-eth1,6045798.00,68112.00,6113910.00,68112,6045798,1033.00,1032.00,2065.00,1032,1033,0.00,0.00,0,0
1453689099,s3,0.00,342.00,342.00,342,0,0.00,1.00,1.00,1,0,0.00,0.00,0,0
1453689099,s2-eth2,68454.00,6045798.00,6114252.00,6045798,68454,1033.00,1033.00,2066.00,1033,1033,0.00,0.00,0,0
1453689099,s2-eth1,6045798.00,68112.00,6113910.00,68112,6045798,1033.00,1032.00,2065.00,1032,1033,0.00,0.00,0,0
1453689099,lo,978.00,978.00,1956.00,978,978,9.00,9.00,18.00,9,9,0.00,0.00,0,0
1453689099,s4,0.00,0.00,0.00,0,0,0.00,0.00,0.00,0,0,0.00,0.00,0,0
1453689099,s3-eth2,68454.00,6045456.00,6113910.00,6045456,68454,1033.00,1032.00,2065.00,1032,1033,0.00,0.00,0,0
1453689099,s3-eth1,6045798.00,68454.00,6114252.00,68454,6045798,1033.00,1033.00,2066.00,1033,1033,0.00,0.00,0,0
1453689099,total,18343392.00,18343734.00,36687128.00,18343734,18343392,6206.00,6207.00,12413.00,6207,6206,0.00,0.00,0,0
1453689100,s5,0.00,0.00,0.00,0,0,0.00,0.00,0.00,0,0,0.00,0.00,0,0
1453689100,s1,0.00,0.00,0.00,0,0,0.00,0.00,0.00,0,0,0.00,0.00,0,0
1453689100,eth0,0.00,0.00,0.00,0,0,0.00,0.00,0.00,0,0,0.00,0.00,0,0
1453689100,eth1,0.00,0.00,0.00,0,0,0.00,0.00,0.00,0,0,0.00,0.00,0,0
1453689100,s2,0.00,0.00,0.00,0,0,0.00,0.00,0.00,0,0,0.00,0.00,0,0
1453689100,s1-eth2,68112.00,6045456.00,6113568.00,6045456,68112,1032.00,1032.00,2064.00,1032,1032,0.00,0.00,0,0
1453689100,s1-eth1,6045456.00,68112.00,6113568.00,68112,6045456,1032.00,1032.00,2064.00,1032,1032,0.00,0.00,0,0
1453689100,s3,0.00,0.00,0.00,0,0,0.00,0.00,0.00,0,0,0.00,0.00,0,0
1453689100,s2-eth2,68112.00,6045456.00,6113568.00,6045456,68112,1032.00,1032.00,2064.00,1032,1032,0.00,0.00,0,0
1453689100,s2-eth1,6045456.00,68112.00,6113568.00,68112,6045456,1032.00,1032.00,2064.00,1032,1032,0.00,0.00,0,0
1453689100,lo,0.00,0.00,0.00,0,0,0.00,0.00,0.00,0,0,0.00,0.00,0,0
1453689100,s4,0.00,0.00,0.00,0,0,0.00,0.00,0.00,0,0,0.00,0.00,0,0
1453689100,s3-eth2,68112.00,6045456.00,6113568.00,6045456,68112,1032.00,1032.00,2064.00,1032,1032,0.00,0.00,0,0
1453689100,s3-eth1,6045456.00,68112.00,6113568.00,68112,6045456,1032.00,1032.00,2064.00,1032,1032,0.00,0.00,0,0
1453689100,total,18340704.00,18340704.00,36681408.00,18340704,18340704,6192.00,6192.00,12384.00,6192,6192,0.00,0.00,0,0
1453689101,s5,0.00,0.00,0.00,0,0,0.00,0.00,0.00,0,0,0.00,0.00,0,0
1453689101,s1,0.00,0.00,0.00,0,0,0.00,0.00,0.00,0,0,0.00,0.00,0,0
1453689101,eth0,0.00,0.00,0.00,0,0,0.00,0.00,0.00,0,0,0.00,0.00,0,0
1453689101,eth1,0.00,0.00,0.00,0,0,0.00,0.00,0.00,0,0,0.00,0.00,0,0
1453689101,s2,0.00,0.00,0.00,0,0,0.00,0.00,0.00,0,0,0.00,0.00,0,0
1453689101,s1-eth2,68046.00,6045456.00,6113502.00,6045456,68046,1031.00,1032.00,2063.00,1032,1031,0.00,0.00,0,0
1453689101,s1-eth1,6045798.00,68112.00,6113910.00,68112,6045798,1033.00,1032.00,2065.00,1032,1033,0.00,0.00,0,0
1453689101,s3,0.00,0.00,0.00,0,0,0.00,0.00,0.00,0,0,0.00,0.00,0,0
1453689101,s2-eth2,68112.00,6045456.00,6113568.00,6045456,68112,1032.00,1032.00,2064.00,1032,1032,0.00,0.00,0,0
1453689101,s2-eth1,6045456.00,68112.00,6113568.00,68112,6045456,1032.00,1032.00,2064.00,1032,1032,0.00,0.00,0,0
1453689101,lo,0.00,0.00,0.00,0,0,0.00,0.00,0.00,0,0,0.00,0.00,0,0
1453689101,s4,0.00,0.00,0.00,0,0,0.00,0.00,0.00,0,0,0.00,0.00,0,0
1453689101,s3-eth2,68454.00,6045456.00,6113910.00,6045456,68454,1033.00,1032.00,2065.00,1032,1033,0.00,0.00,0,0
1453689101,s3-eth1,6045456.00,68112.00,6113568.00,68112,6045456,1032.00,1032.00,2064.00,1032,1032,0.00,0.00,0,0
1453689101,total,18341322.00,18340704.00,36682024.00,18340704,18341322,6193.00,6192.00,12385.00,6192,6193,0.00,0.00,0,0
1453689102,s5,0.00,0.00,0.00,0,0,0.00,0.00,0.00,0,0,0.00,0.00,0,0
1453689102,s1,0.00,0.00,0.00,0,0,0.00,0.00,0.00,0,0,0.00,0.00,0,0
1453689102,eth0,0.00,0.00,0.00,0,0,0.00,0.00,0.00,0,0,0.00,0.00,0,0
1453689102,eth1,0.00,0.00,0.00,0,0,0.00,0.00,0.00,0,0,0.00,0.00,0,0
1453689102,s2,0.00,342.00,342.00,342,0,0.00,1.00,1.00,1,0,0.00,0.00,0,0
1453689102,s1-eth2,68520.00,6045456.00,6113976.00,6045456,68520,1034.00,1032.00,2066.00,1032,1034,0.00,0.00,0,0
1453689102,s1-eth1,6045456.00,68112.00,6113568.00,68112,6045456,1032.00,1032.00,2064.00,1032,1032,0.00,0.00,0,0
1453689102,s3,0.00,342.00,342.00,342,0,0.00,1.00,1.00,1,0,0.00,0.00,0,0
1453689102,s2-eth2,68454.00,6045456.00,6113910.00,6045456,68454,1033.00,1032.00,2065.00,1032,1033,0.00,0.00,0,0
1453689102,s2-eth1,6045456.00,68454.00,6113910.00,68454,6045456,1032.00,1033.00,2065.00,1033,1032,0.00,0.00,0,0
1453689102,lo,996.00,996.00,1992.00,996,996,12.00,12.00,24.00,12,12,0.00,0.00,0,0
1453689102,s4,0.00,0.00,0.00,0,0,0.00,0.00,0.00,0,0,0.00,0.00,0,0
1453689102,s3-eth2,68454.00,6045456.00,6113910.00,6045456,68454,1033.00,1032.00,2065.00,1032,1033,0.00,0.00,0,0
1453689102,s3-eth1,6045456.00,68454.00,6113910.00,68454,6045456,1032.00,1033.00,2065.00,1033,1032,0.00,0.00,0,0
1453689102,total,18342792.00,18343068.00,36685860.00,18343068,18342792,6208.00,6208.00,12416.00,6208,6208,0.00,0.00,0,0
1453689103,s5,0.00,0.00,0.00,0,0,0.00,0.00,0.00,0,0,0.00,0.00,0,0
1453689103,s1,0.00,0.00,0.00,0,0,0.00,0.00,0.00,0,0,0.00,0.00,0,0
1453689103,eth0,0.00,0.00,0.00,0,0,0.00,0.00,0.00,0,0,0.00,0.00,0,0
1453689103,eth1,0.00,0.00,0.00,0,0,0.00,0.00,0.00,0,0,0.00,0.00,0,0
1453689103,s2,0.00,0.00,0.00,0,0,0.00,0.00,0.00,0,0,0.00,0.00,0,0
1453689103,s1-eth2,68046.00,6045456.00,6113502.00,6045456,68046,1031.00,1032.00,2063.00,1032,1031,0.00,0.00,0,0
1453689103,s1-eth1,6045456.00,68112.00,6113568.00,68112,6045456,1032.00,1032.00,2064.00,1032,1032,0.00,0.00,0,0
1453689103,s3,0.00,0.00,0.00,0,0,0.00,0.00,0.00,0,0,0.00,0.00,0,0
1453689103,s2-eth2,68112.00,6045456.00,6113568.00,6045456,68112,1032.00,1032.00,2064.00,1032,1032,0.00,0.00,0,0
1453689103,s2-eth1,6045456.00,68046.00,6113502.00,68046,6045456,1032.00,1031.00,2063.00,1031,1032,0.00,0.00,0,0
1453689103,lo,172.00,172.00,344.00,172,172,3.00,3.00,6.00,3,3,0.00,0.00,0,0
1453689103,s4,0.00,0.00,0.00,0,0,0.00,0.00,0.00,0,0,0.00,0.00,0,0
1453689103,s3-eth2,68046.00,6045456.00,6113502.00,6045456,68046,1031.00,1032.00,2063.00,1032,1031,0.00,0.00,0,0
1453689103,s3-eth1,6045456.00,68112.00,6113568.00,68112,6045456,1032.00,1032.00,2064.00,1032,1032,0.00,0.00,0,0
1453689103,total,18340744.00,18340810.00,36681552.00,18340810,18340744,6193.00,6194.00,12387.00,6194,6193,0.00,0.00,0,0
1453689104,s5,0.00,0.00,0.00,0,0,0.00,0.00,0.00,0,0,0.00,0.00,0,0
1453689104,s1,0.00,0.00,0.00,0,0,0.00,0.00,0.00,0,0,0.00,0.00,0,0
1453689104,eth0,0.00,0.00,0.00,0,0,0.00,0.00,0.00,0,0,0.00,0.00,0,0
1453689104,eth1,0.00,0.00,0.00,0,0,0.00,0.00,0.00,0,0,0.00,0.00,0,0
1453689104,s2,0.00,0.00,0.00,0,0,0.00,0.00,0.00,0,0,0.00,0.00,0,0
1453689104,s1-eth2,68112.00,6039598.00,6107710.00,6039598,68112,1032.00,1031.00,2063.00,1031,1032,0.00,0.00,0,0
1453689104,s1-eth1,6039598.00,68112.00,6107710.00,68112,6039598,1031.00,1032.00,2063.00,1032,1031,0.00,0.00,0,0
1453689104,s3,0.00,0.00,0.00,0,0,0.00,0.00,0.00,0,0,0.00,0.00,0,0
1453689104,s2-eth2,68112.00,6039598.00,6107710.00,6039598,68112,1032.00,1031.00,2063.00,1031,1032,0.00,0.00,0,0
1453689104,s2-eth1,6039598.00,68112.00,6107710.00,68112,6039598,1031.00,1032.00,2063.00,1032,1031,0.00,0.00,0,0
1453689104,lo,0.00,0.00,0.00,0,0,0.00,0.00,0.00,0,0,0.00,0.00,0,0
1453689104,s4,0.00,0.00,0.00,0,0,0.00,0.00,0.00,0,0,0.00,0.00,0,0
1453689104,s3-eth2,68112.00,6039598.00,6107710.00,6039598,68112,1032.00,1031.00,2063.00,1031,1032,0.00,0.00,0,0
1453689104,s3-eth1,6039598.00,68112.00,6107710.00,68112,6039598,1031.00,1032.00,2063.00,1032,1031,0.00,0.00,0,0
1453689104,total,18323130.00,18323130.00,36646260.00,18323130,18323130,6189.00,6189.00,12378.00,6189,6189,0.00,0.00,0,0
1453689105,s5,0.00,0.00,0.00,0,0,0.00,0.00,0.00,0,0,0.00,0.00,0,0
1453689105,s1,0.00,1060.00,1060.00,1060,0,0.00,6.00,6.00,6,0,0.00,0.00,0,0
1453689105,eth0,608.00,1580.00,2188.00,1580,608,8.00,8.00,16.00,8,8,0.00,0.00,0,0
1453689105,eth1,76.00,0.00,76.00,0,76,1.00,0.00,1.00,0,1,0.00,0.00,0,0
1453689105,s2,0.00,1092.00,1092.00,1092,0,0.00,6.00,6.00,6,0,0.00,0.00,0,0
1453689105,s1-eth2,68674.00,6052374.00,6121048.00,6052374,68674,1035.00,1039.00,2074.00,1039,1035,0.00,0.00,0,0
1453689105,s1-eth1,6053014.00,68046.00,6121060.00,68046,6053014,1043.00,1031.00,2074.00,1031,1043,0.00,0.00,0,0
1453689105,s3,0.00,1014.00,1014.00,1014,0,0.00,5.00,5.00,5,0,0.00,0.00,0,0
1453689105,s2-eth2,69126.00,6051844.00,6120970.00,6051844,69126,1037.00,1036.00,2073.00,1036,1037,0.00,0.00,0,0
1453689105,s2-eth1,6052374.00,68674.00,6121048.00,68674,6052374,1039.00,1035.00,2074.00,1035,1039,0.00,0.00,0,0
1453689105,lo,7160.00,7160.00,14320.00,7160,7160,66.00,66.00,132.00,66,66,0.00,0.00,0,0
1453689105,s4,0.00,0.00,0.00,0,0,0.00,0.00,0.00,0,0,0.00,0.00,0,0
1453689105,s3-eth2,69688.00,6051314.00,6121002.00,6051314,69688,1040.00,1033.00,2073.00,1033,1040,0.00,0.00,0,0
1453689105,s3-eth1,6051844.00,69126.00,6120970.00,69126,6051844,1036.00,1037.00,2073.00,1037,1036,0.00,0.00,0,0
1453689105,total,18372564.00,18373284.00,36745848.00,18373284,18372564,6305.00,6302.00,12607.00,6302,6305,0.00,0.00,0,0
1453689106,s5,0.00,0.00,0.00,0,0,0.00,0.00,0.00,0,0,0.00,0.00,0,0
1453689106,s1,0.00,1359.00,1359.00,1359,0,0.00,11.00,11.00,11,0,0.00,0.00,0,0
1453689106,eth0,456.00,1185.00,1641.00,1185,456,6.00,6.00,12.00,6,6,0.00,0.00,0,0
1453689106,eth1,0.00,0.00,0.00,0,0,0.00,0.00,0.00,0,0,0.00,0.00,0,0
1453689106,s2,0.00,1077.00,1077.00,1077,0,0.00,8.00,8.00,8,0,0.00,0.00,0,0
1453689106,s1-eth2,68190.00,6040957.00,6109147.00,6040957,68190,1033.00,1042.00,2075.00,1042,1033,0.00,0.00,0,0
1453689106,s1-eth1,6041956.00,68112.00,6110068.00,68112,6041956,1049.00,1032.00,2081.00,1032,1049,0.00,0.00,0,0
1453689106,s3,0.00,266.00,266.00,266,0,0.00,3.00,3.00,3,0,0.00,0.00,0,0
1453689106,s2-eth2,68312.00,6040597.00,6108909.00,6040597,68312,1034.00,1038.00,2072.00,1038,1034,0.00,0.00,0,0
1453689106,s2-eth1,6040957.00,68190.00,6109147.00,68190,6040957,1042.00,1033.00,2075.00,1033,1042,0.00,0.00,0,0
1453689106,lo,7719.00,7719.00,15438.00,7719,7719,73.00,73.00,146.00,73,73,0.00,0.00,0,0
1453689106,s4,0.00,0.00,0.00,0,0,0.00,0.00,0.00,0,0,0.00,0.00,0,0
1453689106,s3-eth2,68456.00,6039598.00,6108054.00,6039598,68456,1036.00,1031.00,2067.00,1031,1036,0.00,0.00,0,0
1453689106,s3-eth1,6040597.00,68312.00,6108909.00,68312,6040597,1038.00,1034.00,2072.00,1034,1038,0.00,0.00,0,0
1453689106,total,18336644.00,18337372.00,36674016.00,18337372,18336643,6311.00,6311.00,12622.00,6311,6311,0.00,0.00,0,0
1453689107,s5,0.00,0.00,0.00,0,0,0.00,0.00,0.00,0,0,0.00,0.00,0,0
1453689107,s1,0.00,3180.00,3180.00,3180,0,0.00,14.00,14.00,14,0,0.00,0.00,0,0
1453689107,eth0,456.00,1185.00,1641.00,1185,456,6.00,6.00,12.00,6,6,0.00,0.00,0,0
1453689107,eth1,0.00,0.00,0.00,0,0,0.00,0.00,0.00,0,0,0.00,0.00,0,0
1453689107,s2,0.00,2558.00,2558.00,2558,0,0.00,13.00,13.00,13,0,0.00,0.00,0,0
1453689107,s1-eth2,70534.00,6053850.00,6124384.00,6053850,70534,1057.00,1125.00,2182.00,1125,1057,0.00,0.00,0,0
1453689107,s1-eth1,6053011.00,69366.00,6122377.00,69366,6053011,1119.00,1051.00,2170.00,1051,1119,0.00,0.00,0,0
1453689107,s3,0.00,2903.00,2903.00,2903,0,0.00,16.00,16.00,16,0,0.00,0.00,0,0
1453689107,s2-eth2,72203.00,6052720.00,6124923.00,6052720,72203,1066.00,1128.00,2194.00,1128,1066,0.00,0.00,0,0
1453689107,s2-eth1,6053850.00,70534.00,6124384.00,70534,6053850,1125.00,1057.00,2182.00,1057,1125,0.00,0.00,0,0
1453689107,lo,14581.00,14581.00,29162.00,14581,14581,137.00,137.00,274.00,137,137,0.00,0.00,0,0
1453689107,s4,0.00,0.00,0.00,0,0,0.00,0.00,0.00,0,0,0.00,0.00,0,0
1453689107,s3-eth2,73329.00,6056730.00,6130059.00,6056730,73329,1071.00,1137.00,2208.00,1137,1071,0.00,0.00,0,0
1453689107,s3-eth1,6052720.00,72203.00,6124923.00,72203,6052720,1128.00,1066.00,2194.00,1066,1128,0.00,0.00,0,0
1453689107,total,18390684.00,18399810.00,36790496.00,18399810,18390684,6709.00,6750.00,13459.00,6750,6709,0.00,0.00,0,0
1453689108,s5,0.00,0.00,0.00,0,0,0.00,0.00,0.00,0,0,0.00,0.00,0,0
1453689108,s1,0.00,1819.00,1819.00,1819,0,0.00,7.00,7.00,7,0,0.00,0.00,0,0
1453689108,eth0,152.00,395.00,547.00,395,152,2.00,2.00,4.00,2,2,0.00,0.00,0,0
1453689108,eth1,0.00,0.00,0.00,0,0,0.00,0.00,0.00,0,0,0.00,0.00,0,0
1453689108,s2,0.00,2364.00,2364.00,2364,0,0.00,10.00,10.00,10,0,0.00,0.00,0,0
1453689108,s1-eth2,76946.00,6063445.00,6140391.00,6063445,76946,1150.00,1284.00,2434.00,1284,1150,0.00,0.00,0,0
1453689108,s1-eth1,6064642.00,75636.00,6140278.00,75636,6064642,1294.00,1146.00,2440.00,1146,1294,0.00,0.00,0,0
1453689108,s3,0.00,2581.00,2581.00,2581,0,0.00,12.00,12.00,12,0,0.00,0.00,0,0
1453689108,s2-eth2,77821.00,6063468.00,6141289.00,6063468,77821,1152.00,1273.00,2425.00,1273,1152,0.00,0.00,0,0
1453689108,s2-eth1,6063445.00,76946.00,6140391.00,76946,6063445,1284.00,1150.00,2434.00,1150,1284,0.00,0.00,0,0
1453689108,lo,9627.00,9627.00,19254.00,9627,9627,89.00,89.00,178.00,89,89,0.00,0.00,0,0
1453689108,s4,0.00,0.00,0.00,0,0,0.00,0.00,0.00,0,0,0.00,0.00,0,0
1453689108,s3-eth2,79173.00,6059056.00,6138229.00,6059056,79173,1157.00,1260.00,2417.00,1260,1157,0.00,0.00,0,0
1453689108,s3-eth1,6063468.00,77821.00,6141289.00,77821,6063468,1273.00,1152.00,2425.00,1152,1273,0.00,0.00,0,0
1453689108,total,18435274.00,18433158.00,36868432.00,18433158,18435274,7401.00,7385.00,14786.00,7385,7401,0.00,0.00,0,0
1453689109,s5,0.00,0.00,0.00,0,0,0.00,0.00,0.00,0,0,0.00,0.00,0,0
1453689109,s1,0.00,107.00,107.00,107,0,0.00,1.00,1.00,1,0,0.00,0.00,0,0
1453689109,eth0,0.00,0.00,0.00,0,0,0.00,0.00,0.00,0,0,0.00,0.00,0,0
1453689109,eth1,0.00,0.00,0.00,0,0,0.00,0.00,0.00,0,0,0.00,0.00,0,0
1453689109,s2,0.00,434.00,434.00,434,0,0.00,2.00,2.00,2,0,0.00,0.00,0,0
1453689109,s1-eth2,72861.00,6049259.00,6122120.00,6049259,72861,1100.00,1089.00,2189.00,1089,1100,0.00,0.00,0,0
1453689109,s1-eth1,6051345.00,72336.00,6123681.00,72336,6051345,1095.00,1096.00,2191.00,1096,1095,0.00,0.00,0,0
1453689109,s3,0.00,654.00,654.00,654,0,0.00,2.00,2.00,2,0,0.00,0.00,0,0
1453689109,s2-eth2,73452.00,6053405.00,6126857.00,6053405,73452,1105.00,1086.00,2191.00,1086,1105,0.00,0.00,0,0
1453689109,s2-eth1,6049259.00,72861.00,6122120.00,72861,6049259,1089.00,1100.00,2189.00,1100,1089,0.00,0.00,0,0
1453689109,lo,1588.00,1588.00,3176.00,1588,1588,15.00,15.00,30.00,15,15,0.00,0.00,0,0
1453689109,s4,0.00,0.00,0.00,0,0,0.00,0.00,0.00,0,0,0.00,0.00,0,0
1453689109,s3-eth2,73977.00,6051520.00,6125497.00,6051520,73977,1109.00,1080.00,2189.00,1080,1109,0.00,0.00,0,0
1453689109,s3-eth1,6053405.00,73452.00,6126857.00,73452,6053405,1086.00,1105.00,2191.00,1105,1086,0.00,0.00,0,0
1453689109,total,18375888.00,18375616.00,36751504.00,18375616,18375887,6599.00,6576.00,13175.00,6576,6599,0.00,0.00,0,0
1453689110,s5,0.00,0.00,0.00,0,0,0.00,0.00,0.00,0,0,0.00,0.00,0,0
1453689110,s1,0.00,1435.00,1435.00,1435,0,0.00,7.00,7.00,7,0,0.00,0.00,0,0
1453689110,eth0,60.00,60.00,120.00,60,60,1.00,1.00,2.00,1,1,0.00,0.00,0,0
1453689110,eth1,0.00,0.00,0.00,0,0,0.00,0.00,0.00,0,0,0.00,0.00,0,0
1453689110,s2,0.00,1038.00,1038.00,1038,0,0.00,5.00,5.00,5,0,0.00,0.00,0,0
1453689110,s1-eth2,68420.00,6035175.00,6103595.00,6035175,68420,1033.00,1037.00,2070.00,1037,1033,0.00,0.00,0,0
1453689110,s1-eth1,6035572.00,67980.00,6103552.00,67980,6035572,1039.00,1030.00,2069.00,1030,1039,0.00,0.00,0,0
1453689110,s3,0.00,748.00,748.00,748,0,0.00,4.00,4.00,4,0,0.00,0.00,0,0
1453689110,s2-eth2,68728.00,6028546.00,6097274.00,6028546,68728,1034.00,1032.00,2066.00,1032,1034,0.00,0.00,0,0
1453689110,s2-eth1,6035175.00,68420.00,6103595.00,68420,6035175,1037.00,1033.00,2070.00,1033,1037,0.00,0.00,0,0
1453689110,lo,4958.00,4958.00,9916.00,4958,4958,48.00,48.00,96.00,48,48,0.00,0.00,0,0
1453689110,s4,0.00,0.00,0.00,0,0,0.00,0.00,0.00,0,0,0.00,0.00,0,0
1453689110,s3-eth2,69168.00,6039598.00,6108766.00,6039598,69168,1037.00,1031.00,2068.00,1031,1037,0.00,0.00,0,0
1453689110,s3-eth1,6028546.00,68728.00,6097274.00,68728,6028546,1032.00,1034.00,2066.00,1034,1032,0.00,0.00,0,0
1453689110,total,18310628.00,18316686.00,36627312.00,18316686,18310627,6261.00,6262.00,12523.00,6262,6261,0.00,0.00,0,0
1453689111,s5,0.00,0.00,0.00,0,0,0.00,0.00,0.00,0,0,0.00,0.00,0,0
1453689111,s1,0.00,0.00,0.00,0,0,0.00,0.00,0.00,0,0,0.00,0.00,0,0
1453689111,eth0,0.00,0.00,0.00,0,0,0.00,0.00,0.00,0,0,0.00,0.00,0,0
1453689111,eth1,0.00,0.00,0.00,0,0,0.00,0.00,0.00,0,0,0.00,0.00,0,0
1453689111,s2,0.00,397.00,397.00,397,0,0.00,2.00,2.00,2,0,0.00,0.00,0,0
1453689111,s1-eth2,68311.00,6033740.00,6102051.00,6033740,68311,1031.00,1030.00,2061.00,1030,1031,0.00,0.00,0,0
1453689111,s1-eth1,6033740.00,67980.00,6101720.00,67980,6033740,1030.00,1030.00,2060.00,1030,1030,0.00,0.00,0,0
1453689111,s3,0.00,1136.00,1136.00,1136,0,0.00,5.00,5.00,5,0,0.00,0.00,0,0
1453689111,s2-eth2,69116.00,6033740.00,6102856.00,6033740,69116,1035.00,1030.00,2065.00,1030,1035,0.00,0.00,0,0
1453689111,s2-eth1,6033740.00,68311.00,6102051.00,68311,6033740,1030.00,1031.00,2061.00,1031,1030,0.00,0.00,0,0
1453689111,lo,2108.00,2108.00,4216.00,2108,2108,21.00,21.00,42.00,21,21,0.00,0.00,0,0
1453689111,s4,0.00,0.00,0.00,0,0,0.00,0.00,0.00,0,0,0.00,0.00,0,0
1453689111,s3-eth2,69447.00,6033740.00,6103187.00,6033740,69447,1036.00,1030.00,2066.00,1030,1036,0.00,0.00,0,0
1453689111,s3-eth1,6033740.00,69116.00,6102856.00,69116,6033740,1030.00,1035.00,2065.00,1035,1030,0.00,0.00,0,0
1453689111,total,18310202.00,18310268.00,36620472.00,18310268,18310202,6213.00,6214.00,12427.00,6214,6213,0.00,0.00,0,0
1453689112,s5,0.00,0.00,0.00,0,0,0.00,0.00,0.00,0,0,0.00,0.00,0,0
1453689112,s1,0.00,342.00,342.00,342,0,0.00,1.00,1.00,1,0,0.00,0.00,0,0
1453689112,eth0,0.00,0.00,0.00,0,0,0.00,0.00,0.00,0,0,0.00,0.00,0,0
1453689112,eth1,0.00,0.00,0.00,0,0,0.00,0.00,0.00,0,0,0.00,0.00,0,0
1453689112,s2,0.00,342.00,342.00,342,0,0.00,1.00,1.00,1,0,0.00,0.00,0,0
1453689112,s1-eth2,67980.00,6028224.00,6096204.00,6028224,67980,1030.00,1030.00,2060.00,1030,1030,0.00,0.00,0,0
1453689112,s1-eth1,6034082.00,67914.00,6101996.00,67914,6034082,1031.00,1029.00,2060.00,1029,1031,0.00,0.00,0,0
1453689112,s3,0.00,0.00,0.00,0,0,0.00,0.00,0.00,0,0,0.00,0.00,0,0
1453689112,s2-eth2,67980.00,6028224.00,6096204.00,6028224,67980,1030.00,1030.00,2060.00,1030,1030,0.00,0.00,0,0
1453689112,s2-eth1,6028224.00,67980.00,6096204.00,67980,6028224,1030.00,1030.00,2060.00,1030,1030,0.00,0.00,0,0
1453689112,lo,996.00,996.00,1992.00,996,996,12.00,12.00,24.00,12,12,0.00,0.00,0,0
1453689112,s4,0.00,0.00,0.00,0,0,0.00,0.00,0.00,0,0,0.00,0.00,0,0
1453689112,s3-eth2,67980.00,6027882.00,6095862.00,6027882,67980,1030.00,1029.00,2059.00,1029,1030,0.00,0.00,0,0
1453689112,s3-eth1,6028224.00,67980.00,6096204.00,67980,6028224,1030.00,1030.00,2060.00,1030,1030,0.00,0.00,0,0
1453689112,total,18295466.00,18289884.00,36585352.00,18289884,18295466,6193.00,6192.00,12385.00,6192,6193,0.00,0.00,0,0
1453689113,s5,0.00,0.00,0.00,0,0,0.00,0.00,0.00,0,0,0.00,0.00,0,0
1453689113,s1,0.00,107.00,107.00,107,0,0.00,1.00,1.00,1,0,0.00,0.00,0,0
1453689113,eth0,0.00,0.00,0.00,0,0,0.00,0.00,0.00,0,0,0.00,0.00,0,0
1453689113,eth1,0.00,0.00,0.00,0,0,0.00,0.00,0.00,0,0,0.00,0.00,0,0
1453689113,s2,0.00,107.00,107.00,107,0,0.00,1.00,1.00,1,0,0.00,0.00,0,0
1453689113,s1-eth2,68112.00,6045563.00,6113675.00,6045563,68112,1032.00,1033.00,2065.00,1033,1032,0.00,0.00,0,0
1453689113,s1-eth1,6046012.00,68112.00,6114124.00,68112,6046012,1035.00,1032.00,2067.00,1032,1035,0.00,0.00,0,0
1453689113,s3,0.00,0.00,0.00,0,0,0.00,0.00,0.00,0,0,0.00,0.00,0,0
1453689113,s2-eth2,68046.00,6045563.00,6113609.00,6045563,68046,1031.00,1033.00,2064.00,1033,1031,0.00,0.00,0,0
1453689113,s2-eth1,6045563.00,68112.00,6113675.00,68112,6045563,1033.00,1032.00,2065.00,1032,1033,0.00,0.00,0,0
1453689113,lo,610.00,610.00,1220.00,610,610,6.00,6.00,12.00,6,6,0.00,0.00,0,0
1453689113,s4,0.00,0.00,0.00,0,0,0.00,0.00,0.00,0,0,0.00,0.00,0,0
1453689113,s3-eth2,68454.00,6051314.00,6119768.00,6051314,68454,1033.00,1033.00,2066.00,1033,1033,0.00,0.00,0,0
1453689113,s3-eth1,6045563.00,68046.00,6113609.00,68046,6045563,1033.00,1031.00,2064.00,1031,1033,0.00,0.00,0,0
1453689113,total,18342360.00,18347534.00,36689896.00,18347534,18342360,6203.00,6202.00,12405.00,6202,6203,0.00,0.00,0,0
1453689114,s5,0.00,0.00,0.00,0,0,0.00,0.00,0.00,0,0,0.00,0.00,0,0
1453689114,s1,0.00,247.00,247.00,247,0,0.00,3.00,3.00,3,0,0.00,0.00,0,0
1453689114,eth0,0.00,0.00,0.00,0,0,0.00,0.00,0.00,0,0,0.00,0.00,0,0
1453689114,eth1,0.00,0.00,0.00,0,0,0.00,0.00,0.00,0,0,0.00,0.00,0,0
1453689114,s2,0.00,177.00,177.00,177,0,0.00,2.00,2.00,2,0,0.00,0.00,0,0
1453689114,s1-eth2,68153.00,6045703.00,6113856.00,6045703,68153,1032.00,1035.00,2067.00,1035,1032,0.00,0.00,0,0
1453689114,s1-eth1,6039915.00,68112.00,6108027.00,68112,6039915,1035.00,1032.00,2067.00,1032,1035,0.00,0.00,0,0
1453689114,s3,0.00,214.00,214.00,214,0,0.00,2.00,2.00,2,0,0.00,0.00,0,0
1453689114,s2-eth2,68326.00,6045526.00,6113852.00,6045526,68326,1034.00,1033.00,2067.00,1033,1034,0.00,0.00,0,0
1453689114,s2-eth1,6045703.00,68219.00,6113922.00,68219,6045703,1035.00,1033.00,2068.00,1033,1035,0.00,0.00,0,0
1453689114,lo,2024.00,2024.00,4048.00,2024,2024,21.00,21.00,42.00,21,21,0.00,0.00,0,0
1453689114,s4,0.00,0.00,0.00,0,0,0.00,0.00,0.00,0,0,0.00,0.00,0,0
1453689114,s3-eth2,68433.00,6045456.00,6113889.00,6045456,68433,1035.00,1032.00,2067.00,1032,1035,0.00,0.00,0,0
1453689114,s3-eth1,6045526.00,68326.00,6113852.00,68326,6045526,1033.00,1034.00,2067.00,1034,1033,0.00,0.00,0,0
1453689114,total,18338080.00,18344004.00,36682084.00,18344004,18338080,6225.00,6227.00,12452.00,6227,6225,0.00,0.00,0,0
1453689115,s5,0.00,0.00,0.00,0,0,0.00,0.00,0.00,0,0,0.00,0.00,0,0
1453689115,s1,0.00,342.00,342.00,342,0,0.00,1.00,1.00,1,0,0.00,0.00,0,0
1453689115,eth0,0.00,0.00,0.00,0,0,0.00,0.00,0.00,0,0,0.00,0.00,0,0
1453689115,eth1,0.00,0.00,0.00,0,0,0.00,0.00,0.00,0,0,0.00,0.00,0,0
1453689115,s2,0.00,412.00,412.00,412,0,0.00,2.00,2.00,2,0,0.00,0.00,0,0
1453689115,s1-eth2,68524.00,6045798.00,6114322.00,6045798,68524,1034.00,1033.00,2067.00,1033,1034,0.00,0.00,0,0
1453689115,s1-eth1,6045798.00,68112.00,6113910.00,68112,6045798,1033.00,1032.00,2065.00,1032,1033,0.00,0.00,0,0
1453689115,s3,0.00,482.00,482.00,482,0,0.00,3.00,3.00,3,0,0.00,0.00,0,0
1453689115,s2-eth2,68594.00,6045456.00,6114050.00,6045456,68594,1035.00,1032.00,2067.00,1032,1035,0.00,0.00,0,0
1453689115,s2-eth1,6045798.00,68458.00,6114256.00,68458,6045798,1033.00,1033.00,2066.00,1033,1033,0.00,0.00,0,0
1453689115,lo,1782.00,1782.00,3564.00,1782,1782,18.00,18.00,36.00,18,18,0.00,0.00,0,0
1453689115,s4,0.00,0.00,0.00,0,0,0.00,0.00,0.00,0,0,0.00,0.00,0,0
1453689115,s3-eth2,68598.00,6045456.00,6114054.00,6045456,68598,1035.00,1032.00,2067.00,1032,1035,0.00,0.00,0,0
1453689115,s3-eth1,6045456.00,68594.00,6114050.00,68594,6045456,1032.00,1035.00,2067.00,1035,1032,0.00,0.00,0,0
1453689115,total,18344550.00,18344892.00,36689440.00,18344892,18344550,6220.00,6221.00,12441.00,6221,6220,0.00,0.00,0,0
1453689116,s5,0.00,0.00,0.00,0,0,0.00,0.00,0.00,0,0,0.00,0.00,0,0
1453689116,s1,0.00,0.00,0.00,0,0,0.00,0.00,0.00,0,0,0.00,0.00,0,0
1453689116,eth0,0.00,0.00,0.00,0,0,0.00,0.00,0.00,0,0,0.00,0.00,0,0
1453689116,eth1,0.00,0.00,0.00,0,0,0.00,0.00,0.00,0,0,0.00,0.00,0,0
1453689116,s2,0.00,0.00,0.00,0,0,0.00,0.00,0.00,0,0,0.00,0.00,0,0
1453689116,s1-eth2,68112.00,6039598.00,6107710.00,6039598,68112,1032.00,1031.00,2063.00,1031,1032,0.00,0.00,0,0
1453689116,s1-eth1,6039598.00,68112.00,6107710.00,68112,6039598,1031.00,1032.00,2063.00,1032,1031,0.00,0.00,0,0
1453689116,s3,0.00,0.00,0.00,0,0,0.00,0.00,0.00,0,0,0.00,0.00,0,0
1453689116,s2-eth2,68112.00,6039598.00,6107710.00,6039598,68112,1032.00,1031.00,2063.00,1031,1032,0.00,0.00,0,0
1453689116,s2-eth1,6039598.00,68112.00,6107710.00,68112,6039598,1031.00,1032.00,2063.00,1032,1031,0.00,0.00,0,0
1453689116,lo,0.00,0.00,0.00,0,0,0.00,0.00,0.00,0,0,0.00,0.00,0,0
1453689116,s4,0.00,0.00,0.00,0,0,0.00,0.00,0.00,0,0,0.00,0.00,0,0
1453689116,s3-eth2,68112.00,6039598.00,6107710.00,6039598,68112,1032.00,1031.00,2063.00,1031,1032,0.00,0.00,0,0
1453689116,s3-eth1,6039598.00,68112.00,6107710.00,68112,6039598,1031.00,1032.00,2063.00,1032,1031,0.00,0.00,0,0
1453689116,total,18323130.00,18323130.00,36646260.00,18323130,18323130,6189.00,6189.00,12378.00,6189,6189,0.00,0.00,0,0
1453689117,s5,0.00,0.00,0.00,0,0,0.00,0.00,0.00,0,0,0.00,0.00,0,0
1453689117,s1,0.00,0.00,0.00,0,0,0.00,0.00,0.00,0,0,0.00,0.00,0,0
1453689117,eth0,0.00,0.00,0.00,0,0,0.00,0.00,0.00,0,0,0.00,0.00,0,0
1453689117,eth1,0.00,0.00,0.00,0,0,0.00,0.00,0.00,0,0,0.00,0.00,0,0
1453689117,s2,0.00,0.00,0.00,0,0,0.00,0.00,0.00,0,0,0.00,0.00,0,0
1453689117,s1-eth2,68112.00,6051314.00,6119426.00,6051314,68112,1032.00,1033.00,2065.00,1033,1032,0.00,0.00,0,0
1453689117,s1-eth1,6051314.00,68112.00,6119426.00,68112,6051314,1033.00,1032.00,2065.00,1032,1033,0.00,0.00,0,0
1453689117,s3,0.00,0.00,0.00,0,0,0.00,0.00,0.00,0,0,0.00,0.00,0,0
1453689117,s2-eth2,68112.00,6051314.00,6119426.00,6051314,68112,1032.00,1033.00,2065.00,1033,1032,0.00,0.00,0,0
1453689117,s2-eth1,6051314.00,68112.00,6119426.00,68112,6051314,1033.00,1032.00,2065.00,1032,1033,0.00,0.00,0,0
1453689117,lo,344.00,344.00,688.00,344,344,6.00,6.00,12.00,6,6,0.00,0.00,0,0
1453689117,s4,0.00,0.00,0.00,0,0,0.00,0.00,0.00,0,0,0.00,0.00,0,0
1453689117,s3-eth2,68112.00,6051314.00,6119426.00,6051314,68112,1032.00,1033.00,2065.00,1033,1032,0.00,0.00,0,0
1453689117,s3-eth1,6051314.00,68112.00,6119426.00,68112,6051314,1033.00,1032.00,2065.00,1032,1033,0.00,0.00,0,0
1453689117,total,18358622.00,18358622.00,36717244.00,18358622,18358622,6201.00,6201.00,12402.00,6201,6201,0.00,0.00,0,0
1453689118,s5,0.00,0.00,0.00,0,0,0.00,0.00,0.00,0,0,0.00,0.00,0,0
1453689118,s1,0.00,0.00,0.00,0,0,0.00,0.00,0.00,0,0,0.00,0.00,0,0
1453689118,eth0,0.00,0.00,0.00,0,0,0.00,0.00,0.00,0,0,0.00,0.00,0,0
1453689118,eth1,0.00,0.00,0.00,0,0,0.00,0.00,0.00,0,0,0.00,0.00,0,0
1453689118,s2,0.00,0.00,0.00,0,0,0.00,0.00,0.00,0,0,0.00,0.00,0,0
1453689118,s1-eth2,68112.00,6039598.00,6107710.00,6039598,68112,1032.00,1031.00,2063.00,1031,1032,0.00,0.00,0,0
1453689118,s1-eth1,6039598.00,68112.00,6107710.00,68112,6039598,1031.00,1032.00,2063.00,1032,1031,0.00,0.00,0,0
1453689118,s3,0.00,0.00,0.00,0,0,0.00,0.00,0.00,0,0,0.00,0.00,0,0
1453689118,s2-eth2,68112.00,6039598.00,6107710.00,6039598,68112,1032.00,1031.00,2063.00,1031,1032,0.00,0.00,0,0
1453689118,s2-eth1,6039598.00,68112.00,6107710.00,68112,6039598,1031.00,1032.00,2063.00,1032,1031,0.00,0.00,0,0
1453689118,lo,0.00,0.00,0.00,0,0,0.00,0.00,0.00,0,0,0.00,0.00,0,0
1453689118,s4,0.00,0.00,0.00,0,0,0.00,0.00,0.00,0,0,0.00,0.00,0,0
1453689118,s3-eth2,68112.00,6039598.00,6107710.00,6039598,68112,1032.00,1031.00,2063.00,1031,1032,0.00,0.00,0,0
1453689118,s3-eth1,6039598.00,68112.00,6107710.00,68112,6039598,1031.00,1032.00,2063.00,1032,1031,0.00,0.00,0,0
1453689118,total,18323130.00,18323130.00,36646260.00,18323130,18323130,6189.00,6189.00,12378.00,6189,6189,0.00,0.00,0,0
1453689119,s5,0.00,0.00,0.00,0,0,0.00,0.00,0.00,0,0,0.00,0.00,0,0
1453689119,s1,0.00,0.00,0.00,0,0,0.00,0.00,0.00,0,0,0.00,0.00,0,0
1453689119,eth0,0.00,0.00,0.00,0,0,0.00,0.00,0.00,0,0,0.00,0.00,0,0
1453689119,eth1,0.00,0.00,0.00,0,0,0.00,0.00,0.00,0,0,0.00,0.00,0,0
1453689119,s2,0.00,0.00,0.00,0,0,0.00,0.00,0.00,0,0,0.00,0.00,0,0
1453689119,s1-eth2,8745.25,585868.12,594613.38,586454,8754,132.87,102.90,235.76,103,133,0.00,0.00,0,0
1453689119,s1-eth1,650241.75,8019.98,658261.75,8028,650892,113.89,121.88,235.76,122,114,0.00,0.00,0,0
1453689119,s3,0.00,341.66,341.66,342,0,0.00,1.00,1.00,1,0,0.00,0.00,0,0
1453689119,s2-eth2,9746.25,521494.53,531240.75,522016,9756,143.86,91.91,235.76,92,144,0.00,0.00,0,0
1453689119,s2-eth1,585868.12,8745.25,594613.38,8754,586454,102.90,132.87,235.76,133,103,0.00,0.00,0,0
1453689119,lo,325.67,325.67,651.35,326,326,3.00,3.00,5.99,3,3,0.00,0.00,0,0
1453689119,s4,0.00,0.00,0.00,0,0,0.00,0.00,0.00,0,0,0.00,0.00,0,0
1453689119,s3-eth2,10471.53,422008.00,432479.53,422430,10482,154.85,74.93,229.77,75,155,0.00,0.00,0,0
1453689119,s3-eth1,521494.53,9746.25,531240.75,9756,522016,91.91,143.86,235.76,144,92,0.00,0.00,0,0
1453689119,total,1786893.12,1556549.50,3343442.75,1558106,1788680,743.26,672.33,1415.58,673,744,0.00,0.00,0,0
1453689120,s5,0.00,0.00,0.00,0,0,0.00,0.00,0.00,0,0,0.00,0.00,0,0
1453689120,s1,0.00,0.00,0.00,0,0,0.00,0.00,0.00,0,0,0.00,0.00,0,0
1453689120,eth0,0.00,287.71,287.71,288,0,0.00,1.00,1.00,1,0,0.00,0.00,0,0
1453689120,eth1,0.00,287.71,287.71,288,0,0.00,1.00,1.00,1,0,0.00,0.00,0,0
1453689120,s2,0.00,0.00,0.00,0,0,0.00,0.00,0.00,0,0,0.00,0.00,0,0
1453689120,s1-eth2,0.00,0.00,0.00,0,0,0.00,0.00,0.00,0,0,0.00,0.00,0,0
1453689120,s1-eth1,341.66,0.00,341.66,0,342,1.00,0.00,1.00,0,1,0.00,0.00,0,0
1453689120,s3,0.00,0.00,0.00,0,0,0.00,0.00,0.00,0,0,0.00,0.00,0,0
1453689120,s2-eth2,0.00,0.00,0.00,0,0,0.00,0.00,0.00,0,0,0.00,0.00,0,0
1453689120,s2-eth1,0.00,0.00,0.00,0,0,0.00,0.00,0.00,0,0,0.00,0.00,0,0
1453689120,lo,343.66,343.66,687.31,344,344,5.99,5.99,11.99,6,6,0.00,0.00,0,0
1453689120,s4,0.00,0.00,0.00,0,0,0.00,0.00,0.00,0,0,0.00,0.00,0,0
1453689120,s3-eth2,0.00,0.00,0.00,0,0,0.00,0.00,0.00,0,0,0.00,0.00,0,0
1453689120,s3-eth1,0.00,0.00,0.00,0,0,0.00,0.00,0.00,0,0,0.00,0.00,0,0
1453689120,total,685.31,919.08,1604.40,920,686,6.99,7.99,14.99,8,7,0.00,0.00,0,0
1453689121,s5,0.00,0.00,0.00,0,0,0.00,0.00,0.00,0,0,0.00,0.00,0,0
1453689121,s1,0.00,106.89,106.89,107,0,0.00,1.00,1.00,1,0,0.00,0.00,0,0
1453689121,eth0,0.00,0.00,0.00,0,0,0.00,0.00,0.00,0,0,0.00,0.00,0,0
1453689121,eth1,0.00,0.00,0.00,0,0,0.00,0.00,0.00,0,0,0.00,0.00,0,0
1453689121,s2,0.00,106.89,106.89,107,0,0.00,1.00,1.00,1,0,0.00,0.00,0,0
1453689121,s1-eth2,0.00,106.89,106.89,107,0,0.00,1.00,1.00,1,0,0.00,0.00,0,0
1453689121,s1-eth1,213.79,0.00,213.79,0,214,2.00,0.00,2.00,0,2,0.00,0.00,0,0
1453689121,s3,0.00,0.00,0.00,0,0,0.00,0.00,0.00,0,0,0.00,0.00,0,0
1453689121,s2-eth2,0.00,106.89,106.89,107,0,0.00,1.00,1.00,1,0,0.00,0.00,0,0
1453689121,s2-eth1,106.89,0.00,106.89,0,107,1.00,0.00,1.00,0,1,0.00,0.00,0,0
1453689121,lo,609.39,609.39,1218.78,610,610,5.99,5.99,11.99,6,6,0.00,0.00,0,0
1453689121,s4,0.00,0.00,0.00,0,0,0.00,0.00,0.00,0,0,0.00,0.00,0,0
1453689121,s3-eth2,0.00,0.00,0.00,0,0,0.00,0.00,0.00,0,0,0.00,0.00,0,0
1453689121,s3-eth1,106.89,0.00,106.89,0,107,1.00,0.00,1.00,0,1,0.00,0.00,0,0
1453689121,total,1036.96,1036.96,2073.93,1038,1038,9.99,9.99,19.98,10,10,0.00,0.00,0,0
1453689122,s5,0.00,0.00,0.00,0,0,0.00,0.00,0.00,0,0,0.00,0.00,0,0
1453689122,s1,0.00,106.89,106.89,107,0,0.00,1.00,1.00,1,0,0.00,0.00,0,0
1453689122,eth0,0.00,0.00,0.00,0,0,0.00,0.00,0.00,0,0,0.00,0.00,0,0
1453689122,eth1,0.00,0.00,0.00,0,0,0.00,0.00,0.00,0,0,0.00,0.00,0,0
1453689122,s2,0.00,106.89,106.89,107,0,0.00,1.00,1.00,1,0,0.00,0.00,0,0
1453689122,s1-eth2,106.89,106.89,213.79,107,107,1.00,1.00,2.00,1,1,0.00,0.00,0,0
1453689122,s1-eth1,106.89,0.00,106.89,0,107,1.00,0.00,1.00,0,1,0.00,0.00,0,0
1453689122,s3,0.00,213.79,213.79,214,0,0.00,2.00,2.00,2,0,0.00,0.00,0,0
1453689122,s2-eth2,213.79,0.00,213.79,0,214,2.00,0.00,2.00,0,2,0.00,0.00,0,0
1453689122,s2-eth1,106.89,106.89,213.79,107,107,1.00,1.00,2.00,1,1,0.00,0.00,0,0
1453689122,lo,1562.44,1562.44,3124.88,1564,1564,17.98,17.98,35.96,18,18,0.00,0.00,0,0
1453689122,s4,0.00,0.00,0.00,0,0,0.00,0.00,0.00,0,0,0.00,0.00,0,0
1453689122,s3-eth2,320.68,0.00,320.68,0,321,3.00,0.00,3.00,0,3,0.00,0.00,0,0
1453689122,s3-eth1,0.00,213.79,213.79,214,0,0.00,2.00,2.00,2,0,0.00,0.00,0,0
1453689122,total,2417.58,2417.58,4835.17,2420,2420,25.97,25.97,51.95,26,26,0.00,0.00,0,0
1453689123,s5,0.00,0.00,0.00,0,0,0.00,0.00,0.00,0,0,0.00,0.00,0,0
1453689123,s1,0.00,342.00,342.00,342,0,0.00,1.00,1.00,1,0,0.00,0.00,0,0
1453689123,eth0,0.00,0.00,0.00,0,0,0.00,0.00,0.00,0,0,0.00,0.00,0,0
1453689123,eth1,0.00,0.00,0.00,0,0,0.00,0.00,0.00,0,0,0.00,0.00,0,0
1453689123,s2,0.00,684.00,684.00,684,0,0.00,2.00,2.00,2,0,0.00,0.00,0,0
1453689123,s1-eth2,342.00,342.00,684.00,342,342,1.00,1.00,2.00,1,1,0.00,0.00,0,0
1453689123,s1-eth1,342.00,0.00,342.00,0,342,1.00,0.00,1.00,0,1,0.00,0.00,0,0
1453689123,s3,0.00,342.00,342.00,342,0,0.00,1.00,1.00,1,0,0.00,0.00,0,0
1453689123,s2-eth2,342.00,342.00,684.00,342,342,1.00,1.00,2.00,1,1,0.00,0.00,0,0
1453689123,s2-eth1,342.00,342.00,684.00,342,342,1.00,1.00,2.00,1,1,0.00,0.00,0,0
1453689123,lo,1304.00,1304.00,2608.00,1304,1304,12.00,12.00,24.00,12,12,0.00,0.00,0,0
1453689123,s4,0.00,0.00,0.00,0,0,0.00,0.00,0.00,0,0,0.00,0.00,0,0
1453689123,s3-eth2,342.00,0.00,342.00,0,342,1.00,0.00,1.00,0,1,0.00,0.00,0,0
1453689123,s3-eth1,342.00,342.00,684.00,342,342,1.00,1.00,2.00,1,1,0.00,0.00,0,0
1453689123,total,3356.00,4040.00,7396.00,4040,3356,18.00,20.00,38.00,20,18,0.00,0.00,0,0
1453689124,s5,0.00,0.00,0.00,0,0,0.00,0.00,0.00,0,0,0.00,0.00,0,0
1453689124,s1,0.00,0.00,0.00,0,0,0.00,0.00,0.00,0,0,0.00,0.00,0,0
1453689124,eth0,0.00,0.00,0.00,0,0,0.00,0.00,0.00,0,0,0.00,0.00,0,0
1453689124,eth1,0.00,0.00,0.00,0,0,0.00,0.00,0.00,0,0,0.00,0.00,0,0
1453689124,s2,0.00,0.00,0.00,0,0,0.00,0.00,0.00,0,0,0.00,0.00,0,0
1453689124,s1-eth2,0.00,0.00,0.00,0,0,0.00,0.00,0.00,0,0,0.00,0.00,0,0
1453689124,s1-eth1,0.00,0.00,0.00,0,0,0.00,0.00,0.00,0,0,0.00,0.00,0,0
1453689124,s3,0.00,0.00,0.00,0,0,0.00,0.00,0.00,0,0,0.00,0.00,0,0
1453689124,s2-eth2,0.00,0.00,0.00,0,0,0.00,0.00,0.00,0,0,0.00,0.00,0,0
1453689124,s2-eth1,0.00,0.00,0.00,0,0,0.00,0.00,0.00,0,0,0.00,0.00,0,0
1453689124,lo,0.00,0.00,0.00,0,0,0.00,0.00,0.00,0,0,0.00,0.00,0,0
1453689124,s4,0.00,0.00,0.00,0,0,0.00,0.00,0.00,0,0,0.00,0.00,0,0
1453689124,s3-eth2,342.00,0.00,342.00,0,342,1.00,0.00,1.00,0,1,0.00,0.00,0,0
1453689124,s3-eth1,0.00,0.00,0.00,0,0,0.00,0.00,0.00,0,0,0.00,0.00,0,0
1453689124,total,342.00,0.00,342.00,0,342,1.00,0.00,1.00,0,1,0.00,0.00,0,0
1453689125,s5,0.00,0.00,0.00,0,0,0.00,0.00,0.00,0,0,0.00,0.00,0,0
1453689125,s1,0.00,342.00,342.00,342,0,0.00,1.00,1.00,1,0,0.00,0.00,0,0
1453689125,eth0,0.00,0.00,0.00,0,0,0.00,0.00,0.00,0,0,0.00,0.00,0,0
1453689125,eth1,0.00,0.00,0.00,0,0,0.00,0.00,0.00,0,0,0.00,0.00,0,0
1453689125,s2,0.00,0.00,0.00,0,0,0.00,0.00,0.00,0,0,0.00,0.00,0,0
1453689125,s1-eth2,0.00,342.00,342.00,342,0,0.00,1.00,1.00,1,0,0.00,0.00,0,0
1453689125,s1-eth1,342.00,0.00,342.00,0,342,1.00,0.00,1.00,0,1,0.00,0.00,0,0
1453689125,s3,0.00,0.00,0.00,0,0,0.00,0.00,0.00,0,0,0.00,0.00,0,0
1453689125,s2-eth2,0.00,0.00,0.00,0,0,0.00,0.00,0.00,0,0,0.00,0.00,0,0
1453689125,s2-eth1,342.00,0.00,342.00,0,342,1.00,0.00,1.00,0,1,0.00,0.00,0,0
1453689125,lo,326.00,326.00,652.00,326,326,3.00,3.00,6.00,3,3,0.00,0.00,0,0
1453689125,s4,0.00,0.00,0.00,0,0,0.00,0.00,0.00,0,0,0.00,0.00,0,0
1453689125,s3-eth2,0.00,0.00,0.00,0,0,0.00,0.00,0.00,0,0,0.00,0.00,0,0
1453689125,s3-eth1,0.00,0.00,0.00,0,0,0.00,0.00,0.00,0,0,0.00,0.00,0,0
1453689125,total,1010.00,1010.00,2020.00,1010,1010,5.00,5.00,10.00,5,5,0.00,0.00,0,0
1453689126,s5,0.00,0.00,0.00,0,0,0.00,0.00,0.00,0,0,0.00,0.00,0,0
1453689126,s1,0.00,0.00,0.00,0,0,0.00,0.00,0.00,0,0,0.00,0.00,0,0
1453689126,eth0,0.00,0.00,0.00,0,0,0.00,0.00,0.00,0,0,0.00,0.00,0,0
1453689126,eth1,0.00,0.00,0.00,0,0,0.00,0.00,0.00,0,0,0.00,0.00,0,0
1453689126,s2,0.00,0.00,0.00,0,0,0.00,0.00,0.00,0,0,0.00,0.00,0,0
1453689126,s1-eth2,0.00,0.00,0.00,0,0,0.00,0.00,0.00,0,0,0.00,0.00,0,0
1453689126,s1-eth1,0.00,0.00,0.00,0,0,0.00,0.00,0.